{
  "metric": "1 - Spearman rho on 56 off-diagonal cells",
  "meta_rdm": {
    "labels": [
      [
        "hospital_incident",
        "linear",
        0
      ],
      [
        "hospital_incident",
        "linear",
        1
      ],
      [
        "hospital_incident",
        "linear",
        2
      ],
      [
        "hospital_incident",
        "linear",
        3
      ],
      [
        "hospital_incident",
        "linear",
        4
      ],
      [
        "hospital_incident",
        "nonlinear",
        0
      ],
      [
        "hospital_incident",
        "nonlinear",
        1
      ],
      [
        "hospital_incident",
        "nonlinear",
        2
      ],
      [
        "hospital_incident",
        "nonlinear",
        3
      ],
      [
        "hospital_incident",
        "nonlinear",
        4
      ],
      [
        "hospital_incident",
        "atemporal",
        0
      ],
      [
        "hospital_incident",
        "atemporal",
        1
      ],
      [
        "hospital_incident",
        "atemporal",
        2
      ],
      [
        "hospital_incident",
        "atemporal",
        3
      ],
      [
        "hospital_incident",
        "atemporal",
        4
      ],
      [
        "community_fair",
        "linear",
        0
      ],
      [
        "community_fair",
        "linear",
        1
      ],
      [
        "community_fair",
        "linear",
        2
      ],
      [
        "community_fair",
        "linear",
        3
      ],
      [
        "community_fair",
        "linear",
        4
      ],
      [
        "community_fair",
        "nonlinear",
        0
      ],
      [
        "community_fair",
        "nonlinear",
        1
      ],
      [
        "community_fair",
        "nonlinear",
        2
      ],
      [
        "community_fair",
        "nonlinear",
        3
      ],
      [
        "community_fair",
        "nonlinear",
        4
      ],
      [
        "community_fair",
        "atemporal",
        0
      ],
      [
        "community_fair",
        "atemporal",
        1
      ],
      [
        "community_fair",
        "atemporal",
        2
      ],
      [
        "community_fair",
        "atemporal",
        3
      ],
      [
        "community_fair",
        "atemporal",
        4
      ],
      [
        "restaurant_fire",
        "linear",
        0
      ],
      [
        "restaurant_fire",
        "linear",
        1
      ],
      [
        "restaurant_fire",
        "linear",
        2
      ],
      [
        "restaurant_fire",
        "linear",
        3
      ],
      [
        "restaurant_fire",
        "linear",
        4
      ],
      [
        "restaurant_fire",
        "nonlinear",
        0
      ],
      [
        "restaurant_fire",
        "nonlinear",
        1
      ],
      [
        "restaurant_fire",
        "nonlinear",
        2
      ],
      [
        "restaurant_fire",
        "nonlinear",
        3
      ],
      [
        "restaurant_fire",
        "nonlinear",
        4
      ],
      [
        "restaurant_fire",
        "atemporal",
        0
      ],
      [
        "restaurant_fire",
        "atemporal",
        1
      ],
      [
        "restaurant_fire",
        "atemporal",
        2
      ],
      [
        "restaurant_fire",
        "atemporal",
        3
      ],
      [
        "restaurant_fire",
        "atemporal",
        4
      ],
      [
        "school_trip",
        "linear",
        0
      ],
      [
        "school_trip",
        "linear",
        1
      ],
      [
        "school_trip",
        "linear",
        2
      ],
      [
        "school_trip",
        "linear",
        3
      ],
      [
        "school_trip",
        "linear",
        4
      ],
      [
        "school_trip",
        "nonlinear",
        0
      ],
      [
        "school_trip",
        "nonlinear",
        1
      ],
      [
        "school_trip",
        "nonlinear",
        2
      ],
      [
        "school_trip",
        "nonlinear",
        3
      ],
      [
        "school_trip",
        "nonlinear",
        4
      ],
      [
        "school_trip",
        "atemporal",
        0
      ],
      [
        "school_trip",
        "atemporal",
        1
      ],
      [
        "school_trip",
        "atemporal",
        2
      ],
      [
        "school_trip",
        "atemporal",
        3
      ],
      [
        "school_trip",
        "atemporal",
        4
      ],
      [
        "power_cut",
        "linear",
        0
      ],
      [
        "power_cut",
        "linear",
        1
      ],
      [
        "power_cut",
        "linear",
        2
      ],
      [
        "power_cut",
        "linear",
        3
      ],
      [
        "power_cut",
        "linear",
        4
      ],
      [
        "power_cut",
        "nonlinear",
        0
      ],
      [
        "power_cut",
        "nonlinear",
        1
      ],
      [
        "power_cut",
        "nonlinear",
        2
      ],
      [
        "power_cut",
        "nonlinear",
        3
      ],
      [
        "power_cut",
        "nonlinear",
        4
      ],
      [
        "power_cut",
        "atemporal",
        0
      ],
      [
        "power_cut",
        "atemporal",
        1
      ],
      [
        "power_cut",
        "atemporal",
        2
      ],
      [
        "power_cut",
        "atemporal",
        3
      ],
      [
        "power_cut",
        "atemporal",
        4
      ],
      [
        "missed_flight",
        "linear",
        0
      ],
      [
        "missed_flight",
        "linear",
        1
      ],
      [
        "missed_flight",
        "linear",
        2
      ],
      [
        "missed_flight",
        "linear",
        3
      ],
      [
        "missed_flight",
        "linear",
        4
      ],
      [
        "missed_flight",
        "nonlinear",
        0
      ],
      [
        "missed_flight",
        "nonlinear",
        1
      ],
      [
        "missed_flight",
        "nonlinear",
        2
      ],
      [
        "missed_flight",
        "nonlinear",
        3
      ],
      [
        "missed_flight",
        "nonlinear",
        4
      ],
      [
        "missed_flight",
        "atemporal",
        0
      ],
      [
        "missed_flight",
        "atemporal",
        1
      ],
      [
        "missed_flight",
        "atemporal",
        2
      ],
      [
        "missed_flight",
        "atemporal",
        3
      ],
      [
        "missed_flight",
        "atemporal",
        4
      ]
    ],
    "matrix": [
      [
        0.0,
        0.09817790154018624,
        0.09283685529663133,
        0.15559432891989244,
        0.04627274834845374,
        0.39693761027889674,
        0.4834026929359473,
        0.36613604898077534,
        0.44854740385219327,
        0.41421083131645586,
        0.4531495533569142,
        0.4690375111265376,
        0.4046280581261026,
        0.5139881510997761,
        0.5147151276525261,
        0.8790883541314894,
        0.7935378751114966,
        0.8615473404137628,
        0.783824633144178,
        0.8615473404137628,
        0.8182779986946751,
        0.8289912258790578,
        0.8289912258790578,
        0.8289912258790578,
        0.8289912258790578,
        0.8469279707584355,
        0.8469279707584355,
        0.9489759902528119,
        0.8469279707584355,
        0.838459967262011,
        0.7833643559814953,
        0.783942694366765,
        0.7960249061033412,
        0.7143502614572257,
        0.8063510613531075,
        0.9155383493670957,
        0.8295615339573629,
        0.8295615339573629,
        0.8121801854401435,
        0.8295615339573629,
        0.8928464645572725,
        1.025737446706198,
        0.877964456122488,
        1.029056081875598,
        0.877964456122488,
        0.4990490868937455,
        0.4990490868937455,
        0.5103472792060606,
        0.4723831080632581,
        0.4864589258139025,
        0.5560782103087004,
        0.5560782103087004,
        0.5696741661508843,
        0.6428319317696828,
        0.6428319317696828,
        0.6428319317696828,
        0.6284579247026252,
        0.6428319317696828,
        0.6555779217912332,
        0.6284579247026252,
        0.8693303517836206,
        0.8764742408230564,
        0.7956838511986244,
        0.9514251963628335,
        0.8746955938181525,
        0.7695562846395094,
        0.762706731358879,
        0.762706731358879,
        0.762706731358879,
        0.6669652242385105,
        0.8793609238623628,
        0.9633184947009931,
        0.8845022792528433,
        0.9675643293672209,
        0.8845022792528433,
        0.7642562823261366,
        0.7642562823261366,
        0.5927521353884406,
        0.5927521353884406,
        0.6809287354221805,
        0.7725746671461569,
        0.7725746671461569,
        0.7642562823261366,
        0.7801582323778308,
        0.7871075126982872,
        0.7642562823261366,
        0.7682401443939331,
        0.7725746671461569,
        0.7725746671461569,
        0.7725746671461569
      ],
      [
        0.09817790154018624,
        0.0,
        0.09712485113455094,
        0.16021359566752003,
        0.14677717220186715,
        0.3068162281503265,
        0.4873794625620961,
        0.3701993173849908,
        0.4528080531170525,
        0.41991058382391366,
        0.36721543013800806,
        0.47100895509660745,
        0.40837055093008623,
        0.4253094164796267,
        0.5164592248423908,
        0.8804965198337025,
        0.7948919763275168,
        0.861557984477556,
        0.7852401225996971,
        0.861557984477556,
        0.8182919692502448,
        0.8290043728153925,
        0.8290043728153925,
        0.8290043728153925,
        0.8290043728153925,
        0.8469397387407125,
        0.8469397387407125,
        0.9489799129135709,
        0.8469397387407125,
        0.838472386253591,
        0.861866151720986,
        0.8619890783633928,
        0.8708257053839061,
        0.7857957765124536,
        0.8760370846710266,
        0.9177791060924188,
        0.9280051272022771,
        0.9280051272022771,
        0.9176558642376045,
        0.9280051272022771,
        0.8928547023843416,
        1.025735468044138,
        0.877973838059375,
        1.0290538480811011,
        0.877973838059375,
        0.499087599360695,
        0.499087599360695,
        0.5103849230824025,
        0.4724236705766325,
        0.48649840619636986,
        0.5561123384494152,
        0.5561123384494152,
        0.5697072490518633,
        0.6428593903949957,
        0.6428593903949957,
        0.6428593903949957,
        0.6284864883832592,
        0.6428593903949957,
        0.655604400521098,
        0.6284864883832592,
        0.8693403974994315,
        0.8764837373257939,
        0.7956995587634219,
        0.951428930731752,
        0.8747052270610022,
        0.7695740008582833,
        0.7627249741625686,
        0.7627249741625686,
        0.7627249741625686,
        0.6669908275270942,
        0.8793701984405919,
        0.9633213147283122,
        0.8845111585702308,
        0.9675668229801889,
        0.8845111585702308,
        0.7642744060023252,
        0.7642744060023252,
        0.5927834440845938,
        0.5927834440845938,
        0.6809532652138429,
        0.7725921513155352,
        0.7725921513155352,
        0.7642744060023252,
        0.7801751335323913,
        0.7871238796010446,
        0.7642744060023252,
        0.7682579617958895,
        0.7725921513155352,
        0.7725921513155352,
        0.7725921513155352
      ],
      [
        0.09283685529663133,
        0.09712485113455094,
        0.0,
        0.06850265537530154,
        0.05057221981418447,
        0.34347218740617247,
        0.44775598777668146,
        0.30496652027057436,
        0.405147671511897,
        0.4662756472078343,
        0.4974180725423968,
        0.43677687830143386,
        0.4582824401580342,
        0.4762789973492747,
        0.4940277933658417,
        0.919587404446317,
        0.8246634524616656,
        0.9014513425605258,
        0.8110304004488449,
        0.9014513425605258,
        0.8385726826818883,
        0.8535381865499196,
        0.8535381865499196,
        0.8535381865499196,
        0.8535381865499196,
        0.8794050405857221,
        0.8794050405857221,
        0.9956930371637758,
        0.8794050405857221,
        0.867052148981055,
        0.8811388820541687,
        0.8762438449101969,
        0.8943525468003655,
        0.8004000604547905,
        0.9031718774133756,
        0.9347787236980111,
        0.9435211332203454,
        0.9435211332203454,
        0.9280588860855874,
        0.9435211332203454,
        0.9118123722972181,
        1.0564852880499873,
        0.8915933661081346,
        1.0637686081716855,
        0.8915933661081346,
        0.493790567059312,
        0.493790567059312,
        0.5094090611824111,
        0.4579823840828918,
        0.4767245093217879,
        0.5506630398001114,
        0.5506630398001114,
        0.5688496237023004,
        0.6468290474296149,
        0.6468290474296149,
        0.6468290474296149,
        0.6277460171469541,
        0.6468290474296149,
        0.664047132560831,
        0.6277460171469541,
        0.8955547555598183,
        0.9023404325014679,
        0.8176254281814578,
        0.9860796853985256,
        0.9046713144961407,
        0.7835567099272527,
        0.7807660235768223,
        0.7807660235768223,
        0.7807660235768223,
        0.6797168633217089,
        0.9299155801689158,
        1.0201259804107006,
        0.9385503592207268,
        1.027683328363944,
        0.9385503592207268,
        0.7905841029411174,
        0.7905841029411174,
        0.6005691193202384,
        0.6005691193202384,
        0.7008145496784706,
        0.8027653919751354,
        0.8027653919751354,
        0.7905841029411174,
        0.8141262238420911,
        0.8247889504222896,
        0.7905841029411174,
        0.7976197153030462,
        0.8027653919751354,
        0.8027653919751354,
        0.8027653919751354
      ],
      [
        0.15559432891989244,
        0.16021359566752003,
        0.06850265537530154,
        0.0,
        0.11593131975318838,
        0.4184713045320959,
        0.3978059934804091,
        0.38527114257457407,
        0.35446891014803916,
        0.4206161775444257,
        0.5735455128385065,
        0.5220319127883037,
        0.5398036310629202,
        0.5546335376310639,
        0.5710574338871446,
        0.885091722359517,
        0.7831251211280567,
        0.8630873771749399,
        0.7701834447190341,
        0.8630873771749399,
        0.8039999484549435,
        0.8183233293059825,
        0.8183233293059825,
        0.8183233293059825,
        0.8183233293059825,
        0.842716311443757,
        0.842716311443757,
        0.9658078937921211,
        0.842716311443757,
        0.8311286272018388,
        0.9700960860669054,
        0.9623246625140605,
        0.9794665184246005,
        0.8758188184421155,
        0.9864471825143899,
        0.9138333504708375,
        0.9248625959123913,
        0.9248625959123913,
        0.9104231469529465,
        0.9248625959123913,
        1.0560082981403731,
        1.0448425268949142,
        1.0506246073218122,
        1.0506246073218122,
        1.0506246073218122,
        0.5416176895023977,
        0.5416176895023977,
        0.5548911810935799,
        0.5110263470533568,
        0.5270627887244137,
        0.6132760366498052,
        0.6132760366498052,
        0.6283800237605512,
        0.719624729095393,
        0.719624729095393,
        0.719624729095393,
        0.7044750976032177,
        0.719624729095393,
        0.733293818379176,
        0.7044750976032177,
        0.9691929060833148,
        0.9720383772592696,
        0.8805602694356969,
        1.068416587952736,
        0.9756705972302163,
        0.8557308959187291,
        0.7397733752828659,
        0.7397733752828659,
        0.7397733752828659,
        0.7457337004677456,
        1.0,
        0.987217913208768,
        1.0060979532557417,
        0.9937207902671561,
        1.0060979532557417,
        0.8630873771749399,
        0.8630873771749399,
        0.6546434646935874,
        0.6546434646935874,
        0.7624827266395925,
        0.8721791320876794,
        0.8721791320876794,
        0.8630873771749399,
        0.8806950150759665,
        0.888722795273395,
        0.8630873771749399,
        0.8685101258867309,
        0.8721791320876794,
        0.8721791320876794,
        0.8721791320876794
      ],
      [
        0.04627274834845374,
        0.14677717220186715,
        0.05057221981418447,
        0.11593131975318838,
        0.0,
        0.3727665309419621,
        0.46752792130399157,
        0.33836414183451746,
        0.4290570473257387,
        0.48745537135189543,
        0.5193556944594828,
        0.4548039994758717,
        0.47771300287859897,
        0.4970678018849789,
        0.5058921154746833,
        0.89861163338066,
        0.8087811139964713,
        0.8808243641965072,
        0.7972232667613199,
        0.8808243641965072,
        0.8283159787764199,
        0.8410298949941254,
        0.8410298949941254,
        0.8410298949941254,
        0.8410298949941254,
        0.8627020353356367,
        0.8627020353356367,
        0.9713108730552077,
        0.8627020353356367,
        0.8524034251839665,
        0.7901790459529193,
        0.7883849869613936,
        0.8049694677230637,
        0.7193448788024528,
        0.8172077428972605,
        0.9248702928396895,
        0.8337737974501472,
        0.8337737974501472,
        0.8137444211005007,
        0.8337737974501472,
        0.9020955081987196,
        1.0403129684835082,
        0.8847054690428178,
        1.0455109990620457,
        0.8847054690428178,
        0.49759992263000163,
        0.49759992263000163,
        0.5109299404957061,
        0.4666401873056796,
        0.4829066202509631,
        0.5544346597615198,
        0.5544346597615198,
        0.5701862315283865,
        0.6454843598964947,
        0.6454843598964947,
        0.6454843598964947,
        0.6289000404625446,
        0.6454843598964947,
        0.6603313549751496,
        0.6289000404625446,
        0.8820823597090677,
        0.8890408002236205,
        0.8065528957460353,
        0.9680156496534604,
        0.8892211769297635,
        0.7767018936722776,
        0.771797916504463,
        0.771797916504463,
        0.771797916504463,
        0.6737322757510934,
        0.9036680185824876,
        0.9904241966713141,
        0.9104607158479554,
        0.9962367035402996,
        0.9104607158479554,
        0.7772783199738003,
        0.7772783199738003,
        0.5973272788120612,
        0.5973272788120612,
        0.6910608326582587,
        0.7874171661031737,
        0.7874171661031737,
        0.7772783199738003,
        0.7967819911761804,
        0.8054834990607922,
        0.7772783199738003,
        0.7827058113596266,
        0.7874171661031737,
        0.7874171661031737,
        0.7874171661031737
      ],
      [
        0.39693761027889674,
        0.3068162281503265,
        0.34347218740617247,
        0.4184713045320959,
        0.3727665309419621,
        0.0,
        0.15762603303402256,
        0.1489861381499673,
        0.1018334786042776,
        0.19510317215891593,
        0.27236864915988634,
        0.3798328949896338,
        0.4059112742287444,
        0.34602183340865766,
        0.3281957696135879,
        0.83273968910439,
        0.7498199544358347,
        0.8146444849968233,
        0.735576714560607,
        0.8146444849968233,
        0.8571195216919629,
        0.8706111163861743,
        0.8706111163861743,
        0.8706111163861743,
        0.7600044900711297,
        0.8939536484353715,
        0.8939536484353715,
        0.9980361786747292,
        0.8939536484353715,
        0.8828023487806388,
        0.6921014565904422,
        0.6966379902452582,
        0.6119067057973412,
        0.6298409755348575,
        0.6219869928645818,
        0.8079290592898452,
        0.83145380153394,
        0.83145380153394,
        0.8114590437817522,
        0.83145380153394,
        0.7801830889430631,
        0.8808818520781109,
        0.7499446005451027,
        0.904048509511493,
        0.7499446005451027,
        0.4536213257844206,
        0.4536213257844206,
        0.46917543423063723,
        0.41772156397991944,
        0.4365488570572216,
        0.4983272587376528,
        0.4983272587376528,
        0.5169522942341453,
        0.5817060577172986,
        0.5817060577172986,
        0.6857885879566563,
        0.5615191325068729,
        0.5817060577172986,
        0.5998106758632421,
        0.6686135379314615,
        0.7318287230557147,
        0.7464507832787556,
        0.7528198195654905,
        0.7202143445721989,
        0.7426636108585748,
        0.8078956876624068,
        0.8055740547122174,
        0.8055740547122174,
        0.8055740547122174,
        0.7154137547425974,
        0.7514533805762181,
        0.922915478815646,
        0.7618398355310366,
        0.9314772619795643,
        0.7618398355310366,
        0.7154137547425974,
        0.7154137547425974,
        0.7403348875015068,
        0.7403348875015068,
        0.7344792029493975,
        0.7283688301122762,
        0.7283688301122762,
        0.7154137547425974,
        0.7403348875015068,
        0.7514533805762181,
        0.7154137547425974,
        0.7223488200423809,
        0.7283688301122762,
        0.7283688301122762,
        0.7283688301122762
      ],
      [
        0.4834026929359473,
        0.4873794625620961,
        0.44775598777668146,
        0.3978059934804091,
        0.46752792130399157,
        0.15762603303402256,
        0.0,
        0.22921979300726558,
        0.06189940187707377,
        0.044650143039062784,
        0.4299913438327283,
        0.48612710324275143,
        0.5035154975287133,
        0.517870484266236,
        0.425745657573818,
        0.849756599092303,
        0.7626349631019957,
        0.829885513947629,
        0.6429804634593743,
        0.829885513947629,
        0.8688680013978969,
        0.8844864654590037,
        0.8844864654590037,
        0.8844864654590037,
        0.7667934302662904,
        0.9118094290368814,
        0.9118094290368814,
        1.0225603786184723,
        0.9118094290368814,
        0.8987059632742262,
        0.6909105452269346,
        0.6934272185045247,
        0.6069113354638417,
        0.6273076804457338,
        0.7218227717365824,
        0.8099164074466894,
        0.8334663026035523,
        0.8334663026035523,
        0.8105899641412263,
        0.8334663026035523,
        0.9328091373360257,
        0.8856840440961206,
        0.9119382097148196,
        0.9119382097148196,
        0.9119382097148196,
        0.5499085745296521,
        0.5499085745296521,
        0.5661422004744557,
        0.5131206088845934,
        0.5323085376048513,
        0.4920690739092418,
        0.6000543889049148,
        0.5131206088845934,
        0.6903075298736998,
        0.6903075298736998,
        0.8010584794552906,
        0.6707943806412353,
        0.6903075298736998,
        0.6000543889049148,
        0.7847501719577308,
        0.8287743281880418,
        0.8391392862807695,
        0.8512951656648317,
        0.8165934863290389,
        0.8403110114019288,
        0.9159122873158319,
        0.8165470985209539,
        0.8165470985209539,
        0.8165470985209539,
        0.829885513947629,
        0.8665052924536787,
        0.9463304879218681,
        0.8774659627505763,
        0.9566857624024352,
        0.8774659627505763,
        0.829885513947629,
        0.829885513947629,
        0.8549914654342394,
        0.8549914654342394,
        0.8500916693946304,
        0.7393195127633598,
        0.842825000342614,
        0.829885513947629,
        0.7532971684660437,
        0.7663842617939377,
        0.829885513947629,
        0.8378221636370922,
        0.842825000342614,
        0.842825000342614,
        0.842825000342614
      ],
      [
        0.36613604898077534,
        0.3701993173849908,
        0.30496652027057436,
        0.38527114257457407,
        0.33836414183451746,
        0.1489861381499673,
        0.22921979300726558,
        0.0,
        0.17887715547686134,
        0.26385010902284267,
        0.4197719940629733,
        0.33631471419426895,
        0.36648448071334416,
        0.3921557681408394,
        0.3943781941088996,
        0.8001197838140526,
        0.7121810840250493,
        0.7772503064298839,
        0.6987186647430403,
        0.7772503064298839,
        0.8282943846600873,
        0.8410099000119691,
        0.8410099000119691,
        0.8410099000119691,
        0.7255787315275082,
        0.8626847662374406,
        0.8626847662374406,
        0.9713072645869278,
        0.8626847662374406,
        0.8523848607445729,
        0.7645775098727585,
        0.6908820397326215,
        0.6767070617847101,
        0.6916221920435557,
        0.6850842047649317,
        0.9225273289686503,
        0.9324437538091952,
        0.9324437538091952,
        0.9194612056281796,
        0.9324437538091952,
        0.9020831939427372,
        1.040318038978275,
        0.8846909674980831,
        1.0455167233560199,
        0.8846909674980831,
        0.4975367316257432,
        0.4975367316257432,
        0.5108684261178131,
        0.46657310223998527,
        0.48284158114879416,
        0.5543786173312324,
        0.5543786173312324,
        0.5701321703032848,
        0.6454397695384662,
        0.6454397695384662,
        0.7540622678879534,
        0.6288533641577833,
        0.6454397695384662,
        0.6602886320462309,
        0.7406191124511781,
        0.7900985351220433,
        0.8015434292036255,
        0.8065285643071297,
        0.7810077962289163,
        0.798579155595358,
        0.8739583681398695,
        0.8731703327159825,
        0.8731703327159825,
        0.8731703327159825,
        0.7772503064298839,
        0.8054590331150393,
        0.9904229922434962,
        0.8135886588331518,
        0.9962362301994437,
        0.8135886588331518,
        0.7772503064298839,
        0.7772503064298839,
        0.7967564307699635,
        0.7967564307699635,
        0.7921731033556472,
        0.7873904278056154,
        0.7873904278056154,
        0.7772503064298839,
        0.7967564307699635,
        0.8054590331150393,
        0.7772503064298839,
        0.7826784804760972,
        0.7873904278056154,
        0.7873904278056154,
        0.7873904278056154
      ],
      [
        0.44854740385219327,
        0.4528080531170525,
        0.405147671511897,
        0.35446891014803916,
        0.4290570473257387,
        0.1018334786042776,
        0.06189940187707377,
        0.17887715547686134,
        0.0,
        0.10407087405614701,
        0.39080025438962607,
        0.4410142936370971,
        0.462423817868036,
        0.48034578569102593,
        0.37464017789414095,
        0.8141006995518038,
        0.7212166803900191,
        0.7905841029411174,
        0.7055436955543317,
        0.7905841029411174,
        0.8385726826818883,
        0.8535381865499196,
        0.8535381865499196,
        0.8535381865499196,
        0.7299610314514144,
        0.8794050405857221,
        0.8794050405857221,
        0.9956930371637758,
        0.8794050405857221,
        0.867052148981055,
        0.7660675388834218,
        0.7662631944483201,
        0.6735075881344625,
        0.6909573173470794,
        0.6839081948618457,
        0.7842303641137209,
        0.8106348689940539,
        0.8106348689940539,
        0.7884357203417853,
        0.8106348689940539,
        0.9118123722972181,
        0.8658474408812802,
        0.8915933661081346,
        0.8915933661081346,
        0.8915933661081346,
        0.493790567059312,
        0.493790567059312,
        0.5094090611824111,
        0.4579823840828918,
        0.4767245093217879,
        0.5506630398001114,
        0.5506630398001114,
        0.5688496237023004,
        0.6468290474296149,
        0.6468290474296149,
        0.7631170440076684,
        0.6277460171469541,
        0.6468290474296149,
        0.664047132560831,
        0.7473990830640046,
        0.7970955033899236,
        0.8086833062938592,
        0.8176254281814578,
        0.7858789799240551,
        0.8076475954662525,
        0.8877066495068123,
        0.7807660235768223,
        0.7807660235768223,
        0.7807660235768223,
        0.7905841029411174,
        0.8247889504222896,
        0.911445686192918,
        0.8348540904057031,
        0.9209047761030175,
        0.8348540904057031,
        0.7905841029411174,
        0.7905841029411174,
        0.8141262238420911,
        0.8141262238420911,
        0.8091039212788548,
        0.8027653919751354,
        0.8027653919751354,
        0.7905841029411174,
        0.8141262238420911,
        0.8247889504222896,
        0.7905841029411174,
        0.7976197153030462,
        0.8027653919751354,
        0.8027653919751354,
        0.8027653919751354
      ],
      [
        0.41421083131645586,
        0.41991058382391366,
        0.4662756472078343,
        0.4206161775444257,
        0.48745537135189543,
        0.19510317215891593,
        0.044650143039062784,
        0.26385010902284267,
        0.10407087405614701,
        0.0,
        0.367732237711064,
        0.49523622400013034,
        0.4273764675509155,
        0.5302661076303765,
        0.4366974256598568,
        0.8313397423013578,
        0.7484806958030978,
        0.8146444849968233,
        0.6370137932137918,
        0.8146444849968233,
        0.8571195216919629,
        0.8706111163861743,
        0.8706111163861743,
        0.8706111163861743,
        0.7600044900711297,
        0.8939536484353715,
        0.8939536484353715,
        0.9980361786747292,
        0.8939536484353715,
        0.8828023487806388,
        0.6952432784619682,
        0.6997615834066947,
        0.6149004128353701,
        0.6327001165537188,
        0.7215985285286448,
        0.8124010253133644,
        0.83539405140266,
        0.83539405140266,
        0.8156807400696664,
        0.83539405140266,
        0.9222598729188882,
        0.8808818520781109,
        0.904048509511493,
        0.904048509511493,
        0.904048509511493,
        0.5491925130234494,
        0.5491925130234494,
        0.5632680830124974,
        0.5169522942341453,
        0.5338221814089065,
        0.4983272587376528,
        0.5998106758632421,
        0.5169522942341453,
        0.6857885879566563,
        0.6857885879566563,
        0.7898711181960139,
        0.6686135379314615,
        0.6857885879566563,
        0.5998106758632421,
        0.7757079433560502,
        0.8199537952289128,
        0.8302777556016623,
        0.8385394648544457,
        0.8098082691158257,
        0.8295038219467852,
        0.901114158654301,
        0.8055740547122174,
        0.8055740547122174,
        0.8055740547122174,
        0.8146444849968233,
        0.8455460293580783,
        0.922915478815646,
        0.8546522525667356,
        0.9314772619795643,
        0.8546522525667356,
        0.8146444849968233,
        0.8146444849968233,
        0.8359060747405356,
        0.8359060747405356,
        0.8314026355122142,
        0.7283688301122762,
        0.8256421544639612,
        0.8146444849968233,
        0.7403348875015068,
        0.7514533805762181,
        0.8146444849968233,
        0.8210293158837888,
        0.8256421544639612,
        0.8256421544639612,
        0.8256421544639612
      ],
      [
        0.4531495533569142,
        0.36721543013800806,
        0.4974180725423968,
        0.5735455128385065,
        0.5193556944594828,
        0.27236864915988634,
        0.4299913438327283,
        0.4197719940629733,
        0.39080025438962607,
        0.367732237711064,
        0.0,
        0.2219499582752793,
        0.17744026496849652,
        0.13367184405129773,
        0.18777674876307782,
        0.8502582976503291,
        0.7745297571095999,
        0.8326156789172289,
        0.7614810860582772,
        0.8326156789172289,
        0.7661377232767688,
        0.7823310295124405,
        0.7823310295124405,
        0.7823310295124405,
        0.7823310295124405,
        0.8098008659475148,
        0.8098008659475148,
        0.9049004329737573,
        0.8098008659475148,
        0.7967699639510746,
        0.7916781725728215,
        0.795239255308092,
        0.8040842588787498,
        0.815474407292434,
        0.722725218674152,
        0.9275362228351365,
        0.9367961761363731,
        0.9367961761363731,
        0.9248293857887337,
        0.9367961761363731,
        0.8002851034949072,
        0.8920675753815209,
        0.7725477193567097,
        0.9133515121358894,
        0.7725477193567097,
        0.5029317234913692,
        0.5029317234913692,
        0.5172348622387726,
        0.46994964990455823,
        0.4872420911610206,
        0.5435088079883595,
        0.45078403461099514,
        0.46994964990455823,
        0.524502164868787,
        0.524502164868787,
        0.6196017318950295,
        0.6010669662743315,
        0.6196017318950295,
        0.636233581365724,
        0.698918465112703,
        0.7564553034851613,
        0.7697702263597065,
        0.7758345110570315,
        0.7457424777487194,
        0.7664551485973558,
        0.9111869791110597,
        0.9128369195278035,
        0.9128369195278035,
        0.9128369195278035,
        0.8326156789172289,
        0.775150483782442,
        0.9316322788214694,
        0.7847330445020978,
        0.9395457501543557,
        0.7847330445020978,
        0.560616157157726,
        0.560616157157726,
        0.5902545288239665,
        0.5902545288239665,
        0.5824253004116787,
        0.5761201286931104,
        0.5761201286931104,
        0.560616157157726,
        0.6775773341565638,
        0.6032067360866624,
        0.560616157157726,
        0.5680413587366862,
        0.5761201286931104,
        0.5761201286931104,
        0.5761201286931104
      ],
      [
        0.4690375111265376,
        0.47100895509660745,
        0.43677687830143386,
        0.5220319127883037,
        0.4548039994758717,
        0.3798328949896338,
        0.48612710324275143,
        0.33631471419426895,
        0.4410142936370971,
        0.49523622400013034,
        0.2219499582752793,
        0.0,
        0.042609827880415674,
        0.0786560913151162,
        0.09458513387247003,
        0.8964901660986468,
        0.8102736810387278,
        0.8825414898724675,
        0.7910634834213427,
        0.8825414898724675,
        0.7849618650046717,
        0.8079780533805079,
        0.8079780533805079,
        0.8079780533805079,
        0.8079780533805079,
        0.8480514321409584,
        0.8480514321409584,
        0.9609861785226785,
        0.8480514321409584,
        0.8288649945725755,
        0.9119601543749588,
        0.9043627351723961,
        0.9281476601619696,
        0.9434080778330076,
        0.8348046553219551,
        1.091646838159303,
        1.0823980015397425,
        1.0823980015397425,
        1.0692143212933838,
        1.0823980015397425,
        0.9635620848420907,
        1.0942534290289159,
        0.939196202944903,
        1.1064066448464198,
        0.939196202944903,
        0.6021709557309486,
        0.6021709557309486,
        0.6213195261257347,
        0.5595305870217532,
        0.5816523806214136,
        0.6456312646730802,
        0.5355166858991784,
        0.5595305870217532,
        0.6221819393775181,
        0.6221819393775181,
        0.7351166857592382,
        0.7126622131095095,
        0.7351166857592382,
        0.7557458434469817,
        0.8288649945725755,
        0.7718238545041406,
        0.7857752890931362,
        0.803067468750887,
        0.7549476403341993,
        0.7878218671744153,
        0.9579066261856531,
        0.9667513866862321,
        0.9667513866862321,
        0.9667513866862321,
        0.8825414898724675,
        0.8255099777246032,
        1.003838051553932,
        0.8407012435794101,
        1.0169690113669263,
        0.8407012435794101,
        0.6672008879719913,
        0.6672008879719913,
        0.705870469639943,
        0.705870469639943,
        0.6977168282726591,
        0.5816523806214136,
        0.5816523806214136,
        0.5595305870217532,
        0.705870469639943,
        0.6213195261257347,
        0.6672008879719913,
        0.6018308863275408,
        0.5816523806214136,
        0.5816523806214136,
        0.5816523806214136
      ],
      [
        0.4046280581261026,
        0.40837055093008623,
        0.4582824401580342,
        0.5398036310629202,
        0.47771300287859897,
        0.4059112742287444,
        0.5035154975287133,
        0.36648448071334416,
        0.462423817868036,
        0.4273764675509155,
        0.17744026496849652,
        0.042609827880415674,
        0.0,
        0.12140412928856448,
        0.12937323034812243,
        0.8788786361506948,
        0.7967766456658211,
        0.86505565212651,
        0.7797793384558087,
        0.86505565212651,
        0.7789548368242517,
        0.7994473550638838,
        0.7994473550638838,
        0.7994473550638838,
        0.7994473550638838,
        0.8348672769592574,
        0.8348672769592574,
        0.9410240274854491,
        0.8348672769592574,
        0.8179522529979467,
        0.9018731093941118,
        0.896814116298933,
        0.915816500128869,
        0.9289129883155904,
        0.826868052307177,
        1.0752072418510437,
        1.067617460179809,
        1.067617460179809,
        1.0567986665510396,
        1.067617460179809,
        0.9516972743411714,
        1.0773462628350183,
        0.9301444507262757,
        1.0873194365921555,
        0.9301444507262757,
        0.5992662037390732,
        0.5992662037390732,
        0.6161288615826732,
        0.5614308694111578,
        0.5811055364882028,
        0.6434798820419791,
        0.5399740413444891,
        0.5614308694111578,
        0.6225537759068742,
        0.6225537759068742,
        0.7287105264330658,
        0.7087236047967147,
        0.7287105264330658,
        0.746985722739469,
        0.8179522529979467,
        0.7671000730678044,
        0.7807755705906751,
        0.7939853653916605,
        0.752490159549276,
        0.7808939984049722,
        0.94131099650309,
        0.9475474424322017,
        0.9475474424322017,
        0.9475474424322017,
        0.86505565212651,
        0.8080644307913366,
        0.9779529229730634,
        0.8211939251672378,
        0.9891693568578128,
        0.8211939251672378,
        0.6626391303162753,
        0.6626391303162753,
        0.6967419920187581,
        0.6967419920187581,
        0.6891752711003813,
        0.5811055364882028,
        0.5811055364882028,
        0.5614308694111578,
        0.6967419920187581,
        0.6161288615826732,
        0.6626391303162753,
        0.600158459083131,
        0.5811055364882028,
        0.5811055364882028,
        0.5811055364882028
      ],
      [
        0.5139881510997761,
        0.4253094164796267,
        0.4762789973492747,
        0.5546335376310639,
        0.4970678018849789,
        0.34602183340865766,
        0.517870484266236,
        0.3921557681408394,
        0.48034578569102593,
        0.5302661076303765,
        0.13367184405129773,
        0.0786560913151162,
        0.12140412928856448,
        0.0,
        0.15850408022314677,
        0.8622459983997839,
        0.7836594204304783,
        0.8484924440391147,
        0.7686439203893806,
        0.8484924440391147,
        0.772678691962037,
        0.790914794448011,
        0.790914794448011,
