{
  "metric": "1 - Spearman rho on 56 off-diagonal cells",
  "meta_rdm": {
    "labels": [
      [
        "hospital_incident",
        "linear",
        0
      ],
      [
        "hospital_incident",
        "linear",
        1
      ],
      [
        "hospital_incident",
        "linear",
        2
      ],
      [
        "hospital_incident",
        "linear",
        3
      ],
      [
        "hospital_incident",
        "linear",
        4
      ],
      [
        "hospital_incident",
        "nonlinear",
        0
      ],
      [
        "hospital_incident",
        "nonlinear",
        1
      ],
      [
        "hospital_incident",
        "nonlinear",
        2
      ],
      [
        "hospital_incident",
        "nonlinear",
        3
      ],
      [
        "hospital_incident",
        "nonlinear",
        4
      ],
      [
        "hospital_incident",
        "atemporal",
        0
      ],
      [
        "hospital_incident",
        "atemporal",
        1
      ],
      [
        "hospital_incident",
        "atemporal",
        2
      ],
      [
        "hospital_incident",
        "atemporal",
        3
      ],
      [
        "hospital_incident",
        "atemporal",
        4
      ]
    ],
    "matrix": [
      [
        0.0,
        0.004746091152964538,
        0.036642199610697146,
        0.005408760214250297,
        0.0,
        0.15996016193204343,
        0.16751226384805085,
        0.1463171146793486,
        0.14807057424133807,
        0.15598775594026348,
        0.23811269046118677,
        0.23407383990361819,
        0.17692888204478485,
        0.23618356308632338,
        0.23811269046118677
      ],
      [
        0.004746091152964538,
        0.0,
        0.030409973353917374,
        0.010364606519027153,
        0.004746091152964427,
        0.1639642665488864,
        0.17216947301820917,
        0.15119356107344273,
        0.15148499052851627,
        0.15947954380438312,
        0.23750787002770257,
        0.2341391020260053,
        0.17764298877940676,
        0.23544998437901543,
        0.23750787002770257
      ],
      [
        0.036642199610697146,
        0.030409973353917374,
        0.0,
        0.03079470754503355,
        0.036642199610697146,
        0.16245791825668188,
        0.16930154881423654,
        0.1486037243309939,
        0.15240426104811355,
        0.15971392978195298,
        0.1871915770775009,
        0.18405563747649412,
        0.1288165118433101,
        0.18588891393451357,
        0.1871915770775009
      ],
      [
        0.005408760214250297,
        0.010364606519027153,
        0.03079470754503355,
        0.0,
        0.005408760214250297,
        0.13704745826299014,
        0.14504624532986976,
        0.12383951939246363,
        0.12527544289027726,
        0.13306143936611248,
        0.2199176422947695,
        0.21533359344038205,
        0.1560566654125819,
        0.21869525095589837,
        0.2199176422947695
      ],
      [
        0.0,
        0.004746091152964427,
        0.036642199610697146,
        0.005408760214250297,
        0.0,
        0.15996016193204343,
        0.16751226384805085,
        0.1463171146793486,
        0.14807057424133807,
        0.15598775594026348,
        0.23811269046118677,
        0.23407383990361819,
        0.17692888204478485,
        0.23618356308632338,
        0.23811269046118677
      ],
      [
        0.15996016193204343,
        0.1639642665488864,
        0.16245791825668188,
        0.13704745826299014,
        0.15996016193204343,
        0.0,
        0.009116405877684364,
        0.031264638574782344,
        0.010693048233533897,
        0.0056379418078610355,
        0.20728698677532897,
        0.20359075504641666,
        0.14584140699482717,
        0.20676444098328206,
        0.20728698677532897
      ],
      [
        0.16751226384805085,
        0.17216947301820917,
        0.16930154881423654,
        0.14504624532986976,
        0.16751226384805085,
        0.009116405877684364,
        0.0,
        0.022106819737678918,
        0.014551049968531182,
        0.01459194688543064,
        0.1994824332720433,
        0.1958984989675876,
        0.1469662413261289,
        0.19890936870164255,
        0.1994824332720433
      ],
      [
        0.1463171146793486,
        0.15119356107344273,
        0.1486037243309939,
        0.12383951939246363,
        0.1463171146793486,
        0.031264638574782344,
        0.022106819737678918,
        0.0,
        0.03128818092144836,
        0.03699359824472781,
        0.20784365470554966,
        0.20383990538693952,
        0.15369783341399756,
        0.2072056683570268,
        0.20784365470554966
      ],
      [
        0.14807057424133807,
        0.15148499052851627,
        0.15240426104811355,
        0.12527544289027726,
        0.14807057424133807,
        0.010693048233533897,
        0.014551049968531182,
        0.03128818092144836,
        0.0,
        0.0048042898170505,
        0.19338583412518673,
        0.18773354333034808,
        0.1348382144756528,
        0.1929279636848773,
        0.19338583412518673
      ],
      [
        0.15598775594026348,
        0.15947954380438312,
        0.15971392978195298,
        0.13306143936611248,
        0.15598775594026348,
        0.0056379418078610355,
        0.01459194688543064,
        0.03699359824472781,
        0.0048042898170505,
        0.0,
        0.20754138700876035,
        0.2031161808550539,
        0.14464838872693186,
        0.20707400714902813,
        0.20754138700876035
      ],
      [
        0.23811269046118677,
        0.23750787002770257,
        0.1871915770775009,
        0.2199176422947695,
        0.23811269046118677,
        0.20728698677532897,
        0.1994824332720433,
        0.20784365470554966,
        0.19338583412518673,
        0.20754138700876035,
        0.0,
        0.008081642787609256,
        0.046495322054749044,
        0.0019491070480275319,
        0.0
      ],
      [
        0.23407383990361819,
        0.2341391020260053,
        0.18405563747649412,
        0.21533359344038205,
        0.23407383990361819,
        0.20359075504641666,
        0.1958984989675876,
        0.20383990538693952,
        0.18773354333034808,
        0.2031161808550539,
        0.008081642787609256,
        0.0,
        0.038991170451693424,
        0.008020784232888656,
        0.008081642787609256
      ],
      [
        0.17692888204478485,
        0.17764298877940676,
        0.1288165118433101,
        0.1560566654125819,
        0.17692888204478485,
        0.14584140699482717,
        0.1469662413261289,
        0.15369783341399756,
        0.1348382144756528,
        0.14464838872693186,
        0.046495322054749044,
        0.038991170451693424,
        0.0,
        0.0436207045571706,
        0.04649532205474893
      ],
      [
        0.23618356308632338,
        0.23544998437901543,
        0.18588891393451357,
        0.21869525095589837,
        0.23618356308632338,
        0.20676444098328206,
        0.19890936870164255,
        0.2072056683570268,
        0.1929279636848773,
        0.20707400714902813,
        0.0019491070480275319,
        0.008020784232888656,
        0.0436207045571706,
        0.0,
        0.0019491070480275319
      ],
      [
        0.23811269046118677,
        0.23750787002770257,
        0.1871915770775009,
        0.2199176422947695,
        0.23811269046118677,
        0.20728698677532897,
        0.1994824332720433,
        0.20784365470554966,
        0.19338583412518673,
        0.20754138700876035,
        0.0,
        0.008081642787609256,
        0.04649532205474893,
        0.0019491070480275319,
        0.0
      ]
    ]
  },
  "inter_story_rdms": {
    "atemporal": {
      "story_ids": [
        "hospital_incident"
      ],
      "matrix": [
        [
          0.0
        ]
      ]
    },
    "linear": {
      "story_ids": [
        "hospital_incident"
      ],
      "matrix": [
        [
          0.0
        ]
      ]
    },
    "nonlinear": {
      "story_ids": [
        "hospital_incident"
      ],
      "matrix": [
        [
          0.0
        ]
      ]
    }
  },
  "inter_condition_rdms": {
    "hospital_incident": {
      "conditions": [
        "atemporal",
        "linear",
        "nonlinear"
      ],
      "matrix": [
        [
          0.0,
          0.15719643487600254,
          0.14974570993309388
        ],
        [
          0.15719643487600254,
          0.0,
          0.13558295821748245
        ],
        [
          0.14974570993309388,
          0.13558295821748245,
          0.0
        ]
      ]
    }
  },
  "reliability": {
    "hospital_incident__atemporal": 0.020368480302252422,
    "hospital_incident__linear": 0.016516338937380193,
    "hospital_incident__nonlinear": 0.018104792006872907
  }
}