{
  "metric": "1 - Spearman rho on 56 off-diagonal cells",
  "meta_rdm": {
    "labels": [
      [
        "hospital_incident",
        "linear",
        0
      ],
      [
        "hospital_incident",
        "linear",
        1
      ],
      [
        "hospital_incident",
        "linear",
        2
      ],
      [
        "hospital_incident",
        "nonlinear",
        0
      ],
      [
        "hospital_incident",
        "nonlinear",
        1
      ],
      [
        "hospital_incident",
        "nonlinear",
        2
      ],
      [
        "hospital_incident",
        "atemporal",
        0
      ],
      [
        "hospital_incident",
        "atemporal",
        1
      ],
      [
        "hospital_incident",
        "atemporal",
        2
      ],
      [
        "school_trip",
        "linear",
        0
      ],
      [
        "school_trip",
        "linear",
        1
      ],
      [
        "school_trip",
        "linear",
        2
      ],
      [
        "school_trip",
        "nonlinear",
        0
      ],
      [
        "school_trip",
        "nonlinear",
        1
      ],
      [
        "school_trip",
        "nonlinear",
        2
      ],
      [
        "school_trip",
        "atemporal",
        0
      ],
      [
        "school_trip",
        "atemporal",
        1
      ],
      [
        "school_trip",
        "atemporal",
        2
      ]
    ],
    "matrix": [
      [
        0.0,
        0.05188717810015042,
        0.059893307632621795,
        0.18151659793651387,
        0.20825888303571305,
        0.18822923710182649,
        0.2739606104992883,
        0.2565082042211121,
        0.2565082042211121,
        0.47640008986042115,
        0.4787252786347729,
        0.5189811532113899,
        0.423225264745002,
        0.423225264745002,
        0.4295397905195998,
        0.48111447440320365,
        0.5539486576634303,
        0.5616642111539288
      ],
      [
        0.05188717810015042,
        0.0,
        0.04935859278528654,
        0.18118932070108362,
        0.2004389001253989,
        0.1712400185426688,
        0.25847915141575306,
        0.23769151359214657,
        0.2708252395384162,
        0.5051115953498471,
        0.48061269393579575,
        0.5215479331486305,
        0.43270166465788107,
        0.43270166465788107,
        0.44101007436254913,
        0.5063731109118411,
        0.5723069154600438,
        0.5836667881733433
      ],
      [
        0.059893307632621795,
        0.04935859278528654,
        0.0,
        0.16801931275040294,
        0.21074236018241277,
        0.17787277655362344,
        0.2567222228692472,
        0.24100208213096774,
        0.2651339091385936,
        0.47671095569327326,
        0.4776326674682311,
        0.5162697273073654,
        0.40365706084438846,
        0.40365706084438846,
        0.41240029499998,
        0.4742901921139555,
        0.5431256934233082,
        0.5338186896587978
      ],
      [
        0.18151659793651387,
        0.18118932070108362,
        0.16801931275040294,
        0.0,
        0.09770993146933826,
        0.07504429454029782,
        0.20380256330815805,
        0.19529848206214961,
        0.19529848206214961,
        0.42349113186445564,
        0.4299545429483038,
        0.4441954147531305,
        0.40357777471321254,
        0.40357777471321254,
        0.4097945955306921,
        0.5345544852916122,
        0.6013110746703912,
        0.5686006064449476
      ],
      [
        0.20825888303571305,
        0.2004389001253989,
        0.21074236018241277,
        0.09770993146933826,
        0.0,
        0.10481552452666865,
        0.1686886925912231,
        0.17071293292312928,
        0.22056195850871074,
        0.4480293747261327,
        0.46786536048303695,
        0.47840841573000537,
        0.4594572110244707,
        0.47315171598173444,
        0.43462000315930704,
        0.5239009108101083,
        0.5521866473122484,
        0.5992964255010806
      ],
      [
        0.18822923710182649,
        0.1712400185426688,
        0.17787277655362344,
        0.07504429454029782,
        0.10481552452666865,
        0.0,
        0.11757112621513743,
        0.11616130624616361,
        0.11616130624616361,
        0.46411436078669954,
        0.4708859947229638,
        0.4810381322408003,
        0.44688507099122576,
        0.44688507099122576,
        0.4249976926659307,
        0.493010252631073,
        0.5829645451499917,
        0.5424628608201119
      ],
      [
        0.2739606104992883,
        0.25847915141575306,
        0.2567222228692472,
        0.20380256330815805,
        0.1686886925912231,
        0.11757112621513743,
        0.0,
        0.08332210868285883,
        0.08717002955259068,
        0.6099211186766771,
        0.6359734399637438,
        0.652385054048664,
        0.611069212992744,
        0.611069212992744,
        0.575699041935493,
        0.6066288879278205,
        0.6744906162308952,
        0.6768315052962828
      ],
      [
        0.2565082042211121,
        0.23769151359214657,
        0.24100208213096774,
        0.19529848206214961,
        0.17071293292312928,
        0.11616130624616361,
        0.08332210868285883,
        0.0,
        0.12775616083009067,
        0.6085721448970641,
        0.6307309858428187,
        0.645503111951544,
        0.578190246280588,
        0.578190246280588,
        0.5461382284479157,
        0.5672784282013913,
        0.6411605156001386,
        0.6318655460307552
      ],
      [
        0.2565082042211121,
        0.2708252395384162,
        0.2651339091385936,
        0.19529848206214961,
        0.22056195850871074,
        0.11616130624616361,
        0.08717002955259068,
        0.12775616083009067,
        0.0,
        0.5619685113533712,
        0.594370051993838,
        0.5616224904853112,
        0.56015492269866,
        0.573991859479549,
        0.5289436885867012,
        0.5803049106904281,
        0.6585873753253504,
        0.6125984696051101
      ],
      [
        0.47640008986042115,
        0.5051115953498471,
        0.47671095569327326,
        0.42349113186445564,
        0.4480293747261327,
        0.46411436078669954,
        0.6099211186766771,
        0.6085721448970641,
        0.5619685113533712,
        0.0,
        0.06825389000938076,
        0.03425153974265738,
        0.11049299388512568,
        0.11049299388512568,
        0.10832226517827925,
        0.2568082898596944,
        0.2543643549830542,
        0.31401061253998497
      ],
      [
        0.4787252786347729,
        0.48061269393579575,
        0.4776326674682311,
        0.4299545429483038,
        0.46786536048303695,
        0.4708859947229638,
        0.6359734399637438,
        0.6307309858428187,
        0.594370051993838,
        0.06825389000938076,
        0.0,
        0.061526266156217146,
        0.10161415412358077,
        0.10161415412358077,
        0.12208769433654343,
        0.33353794085781585,
        0.3014418628106563,
        0.36449773212798653
      ],
      [
        0.5189811532113899,
        0.5215479331486305,
        0.5162697273073654,
        0.4441954147531305,
        0.47840841573000537,
        0.4810381322408003,
        0.652385054048664,
        0.645503111951544,
        0.5616224904853112,
        0.03425153974265738,
        0.061526266156217146,
        0.0,
        0.13341357253020592,
        0.15956440211589917,
        0.15390215769987248,
        0.32950426779702546,
        0.300638097478764,
        0.35767313102269516
      ],
      [
        0.423225264745002,
        0.43270166465788107,
        0.40365706084438846,
        0.40357777471321254,
        0.4594572110244707,
        0.44688507099122576,
        0.611069212992744,
        0.578190246280588,
        0.56015492269866,
        0.11049299388512568,
        0.10161415412358077,
        0.13341357253020592,
        0.0,
        0.03006998537028971,
        0.03302382465550835,
        0.21195376817010925,
        0.17994165081742908,
        0.24434422455383265
      ],
      [
        0.423225264745002,
        0.43270166465788107,
        0.40365706084438846,
        0.40357777471321254,
        0.47315171598173444,
        0.44688507099122576,
        0.611069212992744,
        0.578190246280588,
        0.573991859479549,
        0.11049299388512568,
        0.10161415412358077,
        0.15956440211589917,
        0.03006998537028971,
        0.0,
        0.03302382465550835,
        0.21195376817010925,
        0.21240292821173345,
        0.27673468093755627
      ],
      [
        0.4295397905195998,
        0.44101007436254913,
        0.41240029499998,
        0.4097945955306921,
        0.43462000315930704,
        0.4249976926659307,
        0.575699041935493,
        0.5461382284479157,
        0.5289436885867012,
        0.10832226517827925,
        0.12208769433654343,
        0.15390215769987248,
        0.03302382465550835,
        0.03302382465550835,
        0.0,
        0.16668734318737266,
        0.16436335536024937,
        0.22583044329822977
      ],
      [
        0.48111447440320365,
        0.5063731109118411,
        0.4742901921139555,
        0.5345544852916122,
        0.5239009108101083,
        0.493010252631073,
        0.6066288879278205,
        0.5672784282013913,
        0.5803049106904281,
        0.2568082898596944,
        0.33353794085781585,
        0.32950426779702546,
        0.21195376817010925,
        0.21195376817010925,
        0.16668734318737266,
        0.0,
        0.12022671078604674,
        0.15014528850145303
      ],
      [
        0.5539486576634303,
        0.5723069154600438,
        0.5431256934233082,
        0.6013110746703912,
        0.5521866473122484,
        0.5829645451499917,
        0.6744906162308952,
        0.6411605156001386,
        0.6585873753253504,
        0.2543643549830542,
        0.3014418628106563,
        0.300638097478764,
        0.17994165081742908,
        0.21240292821173345,
        0.16436335536024937,
        0.12022671078604674,
        0.0,
        0.15519299283282906
      ],
      [
        0.5616642111539288,
        0.5836667881733433,
        0.5338186896587978,
        0.5686006064449476,
        0.5992964255010806,
        0.5424628608201119,
        0.6768315052962828,
        0.6318655460307552,
        0.6125984696051101,
        0.31401061253998497,
        0.36449773212798653,
        0.35767313102269516,
        0.24434422455383265,
        0.27673468093755627,
        0.22583044329822977,
        0.15014528850145303,
        0.15519299283282906,
        0.0
      ]
    ]
  },
  "inter_story_rdms": {
    "atemporal": {
      "story_ids": [
        "hospital_incident",
        "school_trip"
      ],
      "matrix": [
        [
          0.0,
          0.5932450657387147
        ],
        [
          0.5932450657387147,
          0.0
        ]
      ]
    },
    "linear": {
      "story_ids": [
        "hospital_incident",
        "school_trip"
      ],
      "matrix": [
        [
          0.0,
          0.46656366160128826
        ],
        [
          0.46656366160128826,
          0.0
        ]
      ]
    },
    "nonlinear": {
      "story_ids": [
        "hospital_incident",
        "school_trip"
      ],
      "matrix": [
        [
          0.0,
          0.4253808806252073
        ],
        [
          0.4253808806252073,
          0.0
        ]
      ]
    }
  },
  "inter_condition_rdms": {
    "hospital_incident": {
      "conditions": [
        "atemporal",
        "linear",
        "nonlinear"
      ],
      "matrix": [
        [
          0.0,
          0.23325509657038712,
          0.12050533779903017
        ],
        [
          0.23325509657038712,
          0.0,
          0.14556563957385515
        ],
        [
          0.12050533779903017,
          0.14556563957385515,
          0.0
        ]
      ]
    },
    "school_trip": {
      "conditions": [
        "atemporal",
        "linear",
        "nonlinear"
      ],
      "matrix": [
        [
          0.0,
          0.2455035768902194,
          0.14889632189758306
        ],
        [
          0.2455035768902194,
          0.0,
          0.08582860671804293
        ],
        [
          0.14889632189758306,
          0.08582860671804293,
          0.0
        ]
      ]
    }
  },
  "reliability": {
    "hospital_incident__atemporal": 0.09941609968851339,
    "hospital_incident__linear": 0.05371302617268625,
    "hospital_incident__nonlinear": 0.09252325017876824,
    "school_trip__atemporal": 0.14185499737344295,
    "school_trip__linear": 0.05467723196941843,
    "school_trip__nonlinear": 0.03203921156043547
  }
}