{
  "metric": "1 - Spearman rho on 56 off-diagonal cells",
  "meta_rdm": {
    "labels": [
      [
        "hospital_incident",
        "linear",
        0
      ],
      [
        "hospital_incident",
        "linear",
        1
      ],
      [
        "hospital_incident",
        "linear",
        2
      ],
      [
        "hospital_incident",
        "linear",
        3
      ],
      [
        "hospital_incident",
        "linear",
        4
      ],
      [
        "hospital_incident",
        "nonlinear",
        0
      ],
      [
        "hospital_incident",
        "nonlinear",
        1
      ],
      [
        "hospital_incident",
        "nonlinear",
        2
      ],
      [
        "hospital_incident",
        "nonlinear",
        3
      ],
      [
        "hospital_incident",
        "nonlinear",
        4
      ],
      [
        "hospital_incident",
        "atemporal",
        0
      ],
      [
        "hospital_incident",
        "atemporal",
        1
      ],
      [
        "hospital_incident",
        "atemporal",
        2
      ],
      [
        "hospital_incident",
        "atemporal",
        3
      ],
      [
        "hospital_incident",
        "atemporal",
        4
      ]
    ],
    "matrix": [
      [
        0.0,
        0.004755636172390942,
        0.004755636172390942,
        0.025984615446547732,
        0.004755636172390942,
        0.1460464412178657,
        0.1591548607066785,
        0.13464901992877631,
        0.15549349055190742,
        0.16050440023653245,
        0.19946713953682538,
        0.20248691365846572,
        0.20169408625504104,
        0.21881435460555532,
        0.19391567345437088
      ],
      [
        0.004755636172390942,
        0.0,
        0.0,
        0.030784251456703826,
        0.0,
        0.149076559529303,
        0.1613311498596245,
        0.13829682798157972,
        0.1573878901551521,
        0.16284766946293794,
        0.20292443630876444,
        0.205378742594446,
        0.20542089621548798,
        0.2210183095716307,
        0.19683868398496362
      ],
      [
        0.004755636172390942,
        0.0,
        0.0,
        0.030784251456703826,
        0.0,
        0.149076559529303,
        0.1613311498596245,
        0.13829682798157972,
        0.1573878901551521,
        0.16284766946293794,
        0.20292443630876444,
        0.205378742594446,
        0.20542089621548798,
        0.2210183095716307,
        0.19683868398496362
      ],
      [
        0.025984615446547732,
        0.030784251456703826,
        0.030784251456703826,
        0.0,
        0.030784251456703715,
        0.13364943166064303,
        0.13222294134586587,
        0.1216429358508958,
        0.12747170259208407,
        0.13366802766322605,
        0.17768894222371145,
        0.162221556546863,
        0.18098213698647925,
        0.17818392225444402,
        0.169975120998476
      ],
      [
        0.004755636172390942,
        0.0,
        0.0,
        0.030784251456703715,
        0.0,
        0.149076559529303,
        0.1613311498596245,
        0.13829682798157972,
        0.1573878901551521,
        0.16284766946293794,
        0.20292443630876444,
        0.205378742594446,
        0.20542089621548798,
        0.2210183095716307,
        0.19683868398496362
      ],
      [
        0.1460464412178657,
        0.149076559529303,
        0.149076559529303,
        0.13364943166064303,
        0.149076559529303,
        0.0,
        0.03145735752754153,
        0.003532100087026757,
        0.036751812501088166,
        0.027827380952380798,
        0.1897180993179013,
        0.21280103319055055,
        0.1918559467443579,
        0.23106188714267573,
        0.20277382167651992
      ],
      [
        0.1591548607066785,
        0.1613311498596245,
        0.1613311498596245,
        0.13222294134586587,
        0.1613311498596245,
        0.03145735752754153,
        0.0,
        0.034982302663035814,
        0.004688047809941032,
        0.01448393153615446,
        0.1521211893192146,
        0.1753909760644733,
        0.1560189817590154,
        0.1927446994707036,
        0.1643136806896237
      ],
      [
        0.13464901992877631,
        0.13829682798157972,
        0.13829682798157972,
        0.1216429358508958,
        0.13829682798157972,
        0.003532100087026757,
        0.034982302663035814,
        0.0,
        0.03985284952017931,
        0.03152987354353676,
        0.17719963536811767,
        0.19975137227133033,
        0.17949625182526185,
        0.21828117648122825,
        0.18991037330608262
      ],
      [
        0.15549349055190742,
        0.1573878901551521,
        0.1573878901551521,
        0.12747170259208407,
        0.1573878901551521,
        0.036751812501088166,
        0.004688047809941032,
        0.03985284952017931,
        0.0,
        0.018812672063068026,
        0.15342503933685248,
        0.16699770792813406,
        0.15679807314056315,
        0.18445436635841894,
        0.15611612443580902
      ],
      [
        0.16050440023653245,
        0.16284766946293794,
        0.16284766946293794,
        0.13366802766322605,
        0.16284766946293794,
        0.027827380952380798,
        0.01448393153615446,
        0.03152987354353676,
        0.018812672063068026,
        0.0,
        0.17489721825164406,
        0.20826545735592616,
        0.17830081486067706,
        0.22526568569661276,
        0.196927594728048
      ],
      [
        0.19946713953682538,
        0.20292443630876444,
        0.20292443630876444,
        0.17768894222371145,
        0.20292443630876444,
        0.1897180993179013,
        0.1521211893192146,
        0.17719963536811767,
        0.15342503933685248,
        0.17489721825164406,
        0.0,
        0.018856186801586183,
        0.005482853329084492,
        0.024146159197853234,
        0.010508897900149528
      ],
      [
        0.20248691365846572,
        0.205378742594446,
        0.205378742594446,
        0.162221556546863,
        0.205378742594446,
        0.21280103319055055,
        0.1753909760644733,
        0.19975137227133033,
        0.16699770792813406,
        0.20826545735592616,
        0.018856186801586183,
        0.0,
        0.023635828390858205,
        0.005945688011251171,
        0.00795170386377364
      ],
      [
        0.20169408625504104,
        0.20542089621548798,
        0.20542089621548798,
        0.18098213698647925,
        0.20542089621548798,
        0.1918559467443579,
        0.1560189817590154,
        0.17949625182526185,
        0.15679807314056315,
        0.17830081486067706,
        0.005482853329084492,
        0.023635828390858205,
        0.0,
        0.02845859762133751,
        0.015085024684585946
      ],
      [
        0.21881435460555532,
        0.2210183095716307,
        0.2210183095716307,
        0.17818392225444402,
        0.2210183095716307,
        0.23106188714267573,
        0.1927446994707036,
        0.21828117648122825,
        0.18445436635841894,
        0.22526568569661276,
        0.024146159197853234,
        0.005945688011251171,
        0.02845859762133751,
        0.0,
        0.014183335421933618
      ],
      [
        0.19391567345437088,
        0.19683868398496362,
        0.19683868398496362,
        0.169975120998476,
        0.19683868398496362,
        0.20277382167651992,
        0.1643136806896237,
        0.18991037330608262,
        0.15611612443580902,
        0.196927594728048,
        0.010508897900149528,
        0.00795170386377364,
        0.015085024684585946,
        0.014183335421933618,
        0.0
      ]
    ]
  },
  "inter_story_rdms": {
    "atemporal": {
      "story_ids": [
        "hospital_incident"
      ],
      "matrix": [
        [
          0.0
        ]
      ]
    },
    "linear": {
      "story_ids": [
        "hospital_incident"
      ],
      "matrix": [
        [
          0.0
        ]
      ]
    },
    "nonlinear": {
      "story_ids": [
        "hospital_incident"
      ],
      "matrix": [
        [
          0.0
        ]
      ]
    }
  },
  "inter_condition_rdms": {
    "hospital_incident": {
      "conditions": [
        "atemporal",
        "linear",
        "nonlinear"
      ],
      "matrix": [
        [
          0.0,
          0.1820259573909403,
          0.16970167047597495
        ],
        [
          0.1820259573909403,
          0.0,
          0.11845084087220459
        ],
        [
          0.16970167047597495,
          0.11845084087220459,
          0.0
        ]
      ]
    }
  },
  "reliability": {
    "hospital_incident__atemporal": 0.015425427522241353,
    "hospital_incident__linear": 0.013260427833383192,
    "hospital_incident__nonlinear": 0.024391832820395264
  }
}