{
  "metric": "1 - Spearman rho on 56 off-diagonal cells",
  "meta_rdm": {
    "labels": [
      [
        "hospital_incident",
        "linear",
        0
      ],
      [
        "hospital_incident",
        "linear",
        1
      ],
      [
        "hospital_incident",
        "linear",
        2
      ],
      [
        "hospital_incident",
        "linear",
        3
      ],
      [
        "hospital_incident",
        "linear",
        4
      ],
      [
        "hospital_incident",
        "nonlinear",
        0
      ],
      [
        "hospital_incident",
        "nonlinear",
        1
      ],
      [
        "hospital_incident",
        "nonlinear",
        2
      ],
      [
        "hospital_incident",
        "nonlinear",
        3
      ],
      [
        "hospital_incident",
        "nonlinear",
        4
      ],
      [
        "hospital_incident",
        "atemporal",
        0
      ],
      [
        "hospital_incident",
        "atemporal",
        1
      ],
      [
        "hospital_incident",
        "atemporal",
        2
      ],
      [
        "hospital_incident",
        "atemporal",
        3
      ],
      [
        "hospital_incident",
        "atemporal",
        4
      ]
    ],
    "matrix": [
      [
        0.0,
        0.04202624187897441,
        0.03523360895724037,
        0.05716698697099476,
        0.058885430334964184,
        0.1884514078287478,
        0.18129177018321574,
        0.15837420681669545,
        0.1906100962581182,
        0.18129177018321574,
        0.22788142298491232,
        0.25156656397911836,
        0.18357361190447674,
        0.24335006304024875,
        0.24164510037747977
      ],
      [
        0.04202624187897441,
        0.0,
        0.07447017301871861,
        0.023035286548989786,
        0.018323347117011224,
        0.16060775973801067,
        0.15622154559122126,
        0.14787037663601865,
        0.16491062157016012,
        0.15622154559122126,
        0.21247274399311222,
        0.21776543080160915,
        0.16936318044465404,
        0.19753468315056621,
        0.2059967373450401
      ],
      [
        0.03523360895724037,
        0.07447017301871861,
        0.0,
        0.0903287862430483,
        0.06368474928150092,
        0.19608764142977064,
        0.17686882916256252,
        0.16858041426622838,
        0.18720611952402488,
        0.17686882916256252,
        0.22480435217683636,
        0.25347315031120976,
        0.1867301623898623,
        0.24859464804111786,
        0.2448165192530467
      ],
      [
        0.05716698697099476,
        0.023035286548989786,
        0.0903287862430483,
        0.0,
        0.037805147858657184,
        0.1775810544749743,
        0.14207329453372042,
        0.1677175227172677,
        0.15051714807747818,
        0.14207329453372042,
        0.20035307317356088,
        0.20645221221846188,
        0.15585182672660802,
        0.20587987057586865,
        0.19404491435867877
      ],
      [
        0.058885430334964184,
        0.018323347117011224,
        0.06368474928150092,
        0.037805147858657184,
        0.0,
        0.1433494334831229,
        0.1386991843212555,
        0.133902119751503,
        0.1457093958707234,
        0.1386991843212555,
        0.1964353022793761,
        0.19990794989241323,
        0.15638032335252172,
        0.1787537144551129,
        0.18846947611251097
      ],
      [
        0.1884514078287478,
        0.16060775973801067,
        0.19608764142977064,
        0.1775810544749743,
        0.1433494334831229,
        0.0,
        0.033650599568827655,
        0.032534234647784155,
        0.043777505091459834,
        0.033650599568827655,
        0.18497378118751184,
        0.24468866042671067,
        0.1472346193005699,
        0.2117637607070194,
        0.23234863937017514
      ],
      [
        0.18129177018321574,
        0.15622154559122126,
        0.17686882916256252,
        0.14207329453372042,
        0.1386991843212555,
        0.033650599568827655,
        0.0,
        0.050152952408178186,
        0.019866026392721947,
        0.0,
        0.15679807314056315,
        0.20349118834011737,
        0.12302131019313933,
        0.20178329291731767,
        0.19100037037702922
      ],
      [
        0.15837420681669545,
        0.14787037663601865,
        0.16858041426622838,
        0.1677175227172677,
        0.133902119751503,
        0.032534234647784155,
        0.050152952408178186,
        0.0,
        0.06664317588078827,
        0.0501529524081783,
        0.17850090965344023,
        0.23318201974573927,
        0.14862713691405416,
        0.19787491567184823,
        0.22259068498486556
      ],
      [
        0.1906100962581182,
        0.16491062157016012,
        0.18720611952402488,
        0.15051714807747818,
        0.1457093958707234,
        0.043777505091459834,
        0.019866026392721947,
        0.06664317588078827,
        0.0,
        0.019866026392721836,
        0.1383098781740314,
        0.1886682359076559,
        0.11355826630071175,
        0.18765798435340653,
        0.17554472836717006
      ],
      [
        0.18129177018321574,
        0.15622154559122126,
        0.17686882916256252,
        0.14207329453372042,
        0.1386991843212555,
        0.033650599568827655,
        0.0,
        0.0501529524081783,
        0.019866026392721836,
        0.0,
        0.15679807314056315,
        0.20349118834011737,
        0.12302131019313933,
        0.20178329291731767,
        0.19100037037702922
      ],
      [
        0.22788142298491232,
        0.21247274399311222,
        0.22480435217683636,
        0.20035307317356088,
        0.1964353022793761,
        0.18497378118751184,
        0.15679807314056315,
        0.17850090965344023,
        0.1383098781740314,
        0.15679807314056315,
        0.0,
        0.04219530132066629,
        0.04123579766605234,
        0.06530371664022605,
        0.03282963485336954
      ],
      [
        0.25156656397911836,
        0.21776543080160915,
        0.25347315031120976,
        0.20645221221846188,
        0.19990794989241323,
        0.24468866042671067,
        0.20349118834011737,
        0.23318201974573927,
        0.1886682359076559,
        0.20349118834011737,
        0.04219530132066629,
        0.0,
        0.07313708601711233,
        0.029457543625244997,
        0.009123969854646474
      ],
      [
        0.18357361190447674,
        0.16936318044465404,
        0.1867301623898623,
        0.15585182672660802,
        0.15638032335252172,
        0.1472346193005699,
        0.12302131019313933,
        0.14862713691405416,
        0.11355826630071175,
        0.12302131019313933,
        0.04123579766605234,
        0.07313708601711233,
        0.0,
        0.08924700889241055,
        0.06257804032633774
      ],
      [
        0.24335006304024875,
        0.19753468315056621,
        0.24859464804111786,
        0.20587987057586865,
        0.1787537144551129,
        0.2117637607070194,
        0.20178329291731767,
        0.19787491567184823,
        0.18765798435340653,
        0.20178329291731767,
        0.06530371664022605,
        0.029457543625244997,
        0.08924700889241055,
        0.0,
        0.038782459806464664
      ],
      [
        0.24164510037747977,
        0.2059967373450401,
        0.2448165192530467,
        0.19404491435867877,
        0.18846947611251097,
        0.23234863937017514,
        0.19100037037702922,
        0.22259068498486556,
        0.17554472836717006,
        0.19100037037702922,
        0.03282963485336954,
        0.009123969854646474,
        0.06257804032633774,
        0.038782459806464664,
        0.0
      ]
    ]
  },
  "inter_story_rdms": {
    "atemporal": {
      "story_ids": [
        "hospital_incident"
      ],
      "matrix": [
        [
          0.0
        ]
      ]
    },
    "linear": {
      "story_ids": [
        "hospital_incident"
      ],
      "matrix": [
        [
          0.0
        ]
      ]
    },
    "nonlinear": {
      "story_ids": [
        "hospital_incident"
      ],
      "matrix": [
        [
          0.0
        ]
      ]
    }
  },
  "inter_condition_rdms": {
    "hospital_incident": {
      "conditions": [
        "atemporal",
        "linear",
        "nonlinear"
      ],
      "matrix": [
        [
          0.0,
          0.18288312943862983,
          0.14845683460561976
        ],
        [
          0.18288312943862983,
          0.0,
          0.1400657045257565
        ],
        [
          0.14845683460561976,
          0.1400657045257565,
          0.0
        ]
      ]
    }
  },
  "reliability": {
    "hospital_incident__atemporal": 0.048389055900253095,
    "hospital_incident__linear": 0.050095975821009976,
    "hospital_incident__nonlinear": 0.03502940723594879
  }
}