{
  "metric": "1 - Spearman rho on 56 off-diagonal cells",
  "meta_rdm": {
    "labels": [
      [
        "hospital_incident",
        "linear",
        0
      ],
      [
        "hospital_incident",
        "linear",
        1
      ],
      [
        "hospital_incident",
        "linear",
        2
      ],
      [
        "hospital_incident",
        "linear",
        3
      ],
      [
        "hospital_incident",
        "linear",
        4
      ],
      [
        "hospital_incident",
        "nonlinear",
        0
      ],
      [
        "hospital_incident",
        "nonlinear",
        1
      ],
      [
        "hospital_incident",
        "nonlinear",
        2
      ],
      [
        "hospital_incident",
        "nonlinear",
        3
      ],
      [
        "hospital_incident",
        "nonlinear",
        4
      ],
      [
        "hospital_incident",
        "atemporal",
        0
      ],
      [
        "hospital_incident",
        "atemporal",
        1
      ],
      [
        "hospital_incident",
        "atemporal",
        2
      ],
      [
        "hospital_incident",
        "atemporal",
        3
      ],
      [
        "hospital_incident",
        "atemporal",
        4
      ],
      [
        "community_fair",
        "linear",
        0
      ],
      [
        "community_fair",
        "linear",
        1
      ],
      [
        "community_fair",
        "linear",
        2
      ],
      [
        "community_fair",
        "linear",
        3
      ],
      [
        "community_fair",
        "linear",
        4
      ],
      [
        "community_fair",
        "nonlinear",
        0
      ],
      [
        "community_fair",
        "nonlinear",
        1
      ],
      [
        "community_fair",
        "nonlinear",
        2
      ],
      [
        "community_fair",
        "nonlinear",
        3
      ],
      [
        "community_fair",
        "nonlinear",
        4
      ],
      [
        "community_fair",
        "atemporal",
        0
      ],
      [
        "community_fair",
        "atemporal",
        1
      ],
      [
        "community_fair",
        "atemporal",
        2
      ],
      [
        "community_fair",
        "atemporal",
        3
      ],
      [
        "community_fair",
        "atemporal",
        4
      ],
      [
        "restaurant_fire",
        "linear",
        0
      ],
      [
        "restaurant_fire",
        "linear",
        1
      ],
      [
        "restaurant_fire",
        "linear",
        2
      ],
      [
        "restaurant_fire",
        "linear",
        3
      ],
      [
        "restaurant_fire",
        "linear",
        4
      ],
      [
        "restaurant_fire",
        "nonlinear",
        0
      ],
      [
        "restaurant_fire",
        "nonlinear",
        1
      ],
      [
        "restaurant_fire",
        "nonlinear",
        2
      ],
      [
        "restaurant_fire",
        "nonlinear",
        3
      ],
      [
        "restaurant_fire",
        "nonlinear",
        4
      ],
      [
        "restaurant_fire",
        "atemporal",
        0
      ],
      [
        "restaurant_fire",
        "atemporal",
        1
      ],
      [
        "restaurant_fire",
        "atemporal",
        2
      ],
      [
        "restaurant_fire",
        "atemporal",
        3
      ],
      [
        "restaurant_fire",
        "atemporal",
        4
      ],
      [
        "school_trip",
        "linear",
        0
      ],
      [
        "school_trip",
        "linear",
        1
      ],
      [
        "school_trip",
        "linear",
        2
      ],
      [
        "school_trip",
        "linear",
        3
      ],
      [
        "school_trip",
        "linear",
        4
      ],
      [
        "school_trip",
        "nonlinear",
        0
      ],
      [
        "school_trip",
        "nonlinear",
        1
      ],
      [
        "school_trip",
        "nonlinear",
        2
      ],
      [
        "school_trip",
        "nonlinear",
        3
      ],
      [
        "school_trip",
        "nonlinear",
        4
      ],
      [
        "school_trip",
        "atemporal",
        0
      ],
      [
        "school_trip",
        "atemporal",
        1
      ],
      [
        "school_trip",
        "atemporal",
        2
      ],
      [
        "school_trip",
        "atemporal",
        3
      ],
      [
        "school_trip",
        "atemporal",
        4
      ],
      [
        "power_cut",
        "linear",
        0
      ],
      [
        "power_cut",
        "linear",
        1
      ],
      [
        "power_cut",
        "linear",
        2
      ],
      [
        "power_cut",
        "linear",
        3
      ],
      [
        "power_cut",
        "linear",
        4
      ],
      [
        "power_cut",
        "nonlinear",
        0
      ],
      [
        "power_cut",
        "nonlinear",
        1
      ],
      [
        "power_cut",
        "nonlinear",
        2
      ],
      [
        "power_cut",
        "nonlinear",
        3
      ],
      [
        "power_cut",
        "nonlinear",
        4
      ],
      [
        "power_cut",
        "atemporal",
        0
      ],
      [
        "power_cut",
        "atemporal",
        1
      ],
      [
        "power_cut",
        "atemporal",
        2
      ],
      [
        "power_cut",
        "atemporal",
        3
      ],
      [
        "power_cut",
        "atemporal",
        4
      ],
      [
        "missed_flight",
        "linear",
        0
      ],
      [
        "missed_flight",
        "linear",
        1
      ],
      [
        "missed_flight",
        "linear",
        2
      ],
      [
        "missed_flight",
        "linear",
        3
      ],
      [
        "missed_flight",
        "linear",
        4
      ],
      [
        "missed_flight",
        "nonlinear",
        0
      ],
      [
        "missed_flight",
        "nonlinear",
        1
      ],
      [
        "missed_flight",
        "nonlinear",
        2
      ],
      [
        "missed_flight",
        "nonlinear",
        3
      ],
      [
        "missed_flight",
        "nonlinear",
        4
      ],
      [
        "missed_flight",
        "atemporal",
        0
      ],
      [
        "missed_flight",
        "atemporal",
        1
      ],
      [
        "missed_flight",
        "atemporal",
        2
      ],
      [
        "missed_flight",
        "atemporal",
        3
      ],
      [
        "missed_flight",
        "atemporal",
        4
      ]
    ],
    "matrix": [
      [
        0.0,
        0.014770029251274241,
        0.06601350702025244,
        0.02992572166554075,
        0.021769162118656538,
        0.15866500768099256,
        0.1477669063867234,
        0.13377482261717977,
        0.15952330868271947,
        0.15633419069435306,
        0.20649192477898803,
        0.17071211630240024,
        0.2084184098922689,
        0.19751715450657548,
        0.16623587012482088,
        0.8939547371987304,
        0.8575967973261135,
        0.8971934513797308,
        0.8173384697503145,
        0.8397447588024057,
        0.8320417461197899,
        0.7826621121038015,
        0.8519694186150901,
        0.7352783384296273,
        0.7980784172018257,
        0.8933353710606445,
        0.8982732074512765,
        0.8731401848818108,
        0.9341956902642778,
        0.9290768486916274,
        0.3124898133884436,
        0.38457722603787203,
        0.32665227270574526,
        0.37193722249714556,
        0.38690290702622243,
        0.43564156282186706,
        0.4722153289821568,
        0.45317908498879456,
        0.4843279650770689,
        0.45258483277157335,
        0.6485464192941728,
        0.6655905044272497,
        0.5795970175157521,
        0.6386987224336159,
        0.6959670698208171,
        0.32709754888325815,
        0.3276043441089507,
        0.333927200917595,
        0.3295294567042212,
        0.3103255744019392,
        0.45447402016214,
        0.516228596148192,
        0.4859497166140907,
        0.5045343650653249,
        0.5410212700482782,
        0.5051800090157428,
        0.49600018658696854,
        0.4787208039278994,
        0.5058740101059063,
        0.5342086931113008,
        0.5312692924743943,
        0.5389841442165484,
        0.5971839736159186,
        0.5097532105407856,
        0.511111922487627,
        0.5999430533088983,
        0.5732349149128088,
        0.5920405750163172,
        0.5315042603314166,
        0.572587851521889,
        0.6071315440105328,
        0.5660749805958141,
        0.6243388608431483,
        0.5265556123907453,
        0.5856752486716564,
        0.29556256968287775,
        0.28460523770799917,
        0.3230323513756054,
        0.29284875475133854,
        0.29846382224919465,
        0.3931482942611373,
        0.39214599349587054,
        0.41470370862893,
        0.4173996676621591,
        0.4079996943215515,
        0.41871743314548693,
        0.44842917836948704,
        0.44363485159844185,
        0.44437280226192155,
        0.44842917836948704
      ],
      [
        0.014770029251274241,
        0.0,
        0.07612606885400863,
        0.015704959523247575,
        0.03205119262467793,
        0.15566625449787086,
        0.14410767291518412,
        0.13491104110344476,
        0.15932476783870642,
        0.15226120957828415,
        0.22897653178679445,
        0.1712037133923765,
        0.22987585088118445,
        0.20175911762042387,
        0.1902819898362461,
        0.8708822023005441,
        0.840229234902957,
        0.8805890436074093,
        0.7935984098908252,
        0.8222076804766274,
        0.8312690720359812,
        0.7803445045171916,
        0.8281028520957381,
        0.7328492014611305,
        0.7964159512452469,
        0.8975929386255601,
        0.8957963448508012,
        0.8671378815393307,
        0.9323033579193283,
        0.9264124203491696,
        0.3158092462894655,
        0.3886346296087575,
        0.3172226081662568,
        0.3769529582426595,
        0.39447614250847607,
        0.4410776712787896,
        0.4693204699779443,
        0.459247700544148,
        0.48223610640060943,
        0.4494787089768836,
        0.6470863384453192,
        0.6653257622262239,
        0.5884272095172116,
        0.637562621856288,
        0.6964456967269166,
        0.31843098117889335,
        0.31884759378642225,
        0.30171459427324454,
        0.32116585841748424,
        0.3013374302058168,
        0.4351639148855492,
        0.49568532647578456,
        0.46974841661138433,
        0.4828781457293716,
        0.508894605567985,
        0.47271577658576835,
        0.4623018082062791,
        0.4473051143729023,
        0.47162711162076154,
        0.5026765082070905,
        0.5108766925336586,
        0.5187247778473458,
        0.5777194631672329,
        0.48919123916705987,
        0.4907986372387255,
        0.5796159985165281,
        0.5525755049191345,
        0.5727543028235841,
        0.510594656555387,
        0.5518602565977047,
        0.5861282303188129,
        0.5449317802910929,
        0.6050576219286906,
        0.5052972736776984,
        0.5649321742984194,
        0.274069342946095,
        0.2630567761040916,
        0.30210841768194885,
        0.2715997218273257,
        0.27719463972804437,
        0.3734126488071263,
        0.37261777372525484,
        0.3955947642686396,
        0.39830086985249147,
        0.38894981178455834,
        0.41794181964127985,
        0.4464999277445415,
        0.4411762600901734,
        0.44421161968353207,
        0.4464999277445415
      ],
      [
        0.06601350702025244,
        0.07612606885400863,
        0.0,
        0.08620183443251306,
        0.0456956578669484,
        0.1507689507725276,
        0.16967037288551112,
        0.13319526182553376,
        0.19740813660410195,
        0.17731648665381217,
        0.21320312753248316,
        0.1966022904353283,
        0.2236203849972327,
        0.2067020247566429,
        0.1944409852965857,
        0.8280005643875292,
        0.8155283698610972,
        0.8401682647046731,
        0.7756961090763368,
        0.7978596069258687,
        0.7685043788291027,
        0.714690037891705,
        0.7752697670854403,
        0.6985429785937249,
        0.7222041009478235,
        0.8498828716471605,
        0.8513289125249436,
        0.8369802862373419,
        0.873001097929663,
        0.8805841017813409,
        0.3015213632680235,
        0.3751958262458783,
        0.31196220281143594,
        0.36130304820824866,
        0.38206700679504035,
        0.43913592805455026,
        0.48812036389799884,
        0.4240202061295012,
        0.4974294193438594,
        0.46513186270453766,
        0.6410763416381136,
        0.6584841013902828,
        0.5690997062898235,
        0.6342762299880225,
        0.6804607273333849,
        0.3266045800580474,
        0.32875174122816897,
        0.33101617140368655,
        0.3440983186915668,
        0.3076744147868873,
        0.4316235615908207,
        0.4826634623961302,
        0.4575258954072814,
        0.491744577800017,
        0.5050653949479114,
        0.47706493749186774,
        0.4495397141994033,
        0.450375228082459,
        0.4580463890376144,
        0.48006931087468196,
        0.5439889127692241,
        0.5511941687447883,
        0.6023299950875449,
        0.5239942686636272,
        0.5220746961682191,
        0.6036453424344197,
        0.574478218855189,
        0.5795752282509475,
        0.5509927913957531,
        0.5697940427155204,
        0.5962866693746638,
        0.5625373682670411,
        0.6012839762691002,
        0.533308912678973,
        0.5616635465709108,
        0.3429372659995533,
        0.3219112378530945,
        0.369205794689768,
        0.32033863848933575,
        0.3503327934412229,
        0.47760385793092963,
        0.4647709627329192,
        0.4910369527700026,
        0.47103263649897154,
        0.4772111253121658,
        0.5110150602579051,
        0.5396287111513628,
        0.5349179040169398,
        0.5349477294363926,
        0.5396287111513628
      ],
      [
        0.02992572166554075,
        0.015704959523247575,
        0.08620183443251306,
        0.0,
        0.046387362159478585,
        0.16996231111439264,
        0.15951833843323204,
        0.15110340795112576,
        0.1468606182706922,
        0.1681138843465657,
        0.22131317230502257,
        0.1650941817507211,
        0.22273459637493154,
        0.19245535865612717,
        0.1835499913739843,
        0.8832133373589051,
        0.8530665454537159,
        0.893361668463763,
        0.8072119671910509,
        0.8353405957845563,
        0.8436220963479913,
        0.7923478821053633,
        0.8392987285335721,
        0.7455764327452103,
        0.8095712520792767,
        0.8857656370413317,
        0.8805209378780577,
        0.8463779636186096,
        0.9169671476262424,
        0.9109594542618219,
        0.3222939439716642,
        0.3976251846867004,
        0.3239388966855449,
        0.36019163139701316,
        0.40308592429163004,
        0.42819136624639,
        0.46561275793671086,
        0.41452423883748235,
        0.4793492356161557,
        0.4332574758454544,
        0.5974590070037384,
        0.627054391439952,
        0.5421421508511369,
        0.5987270575951713,
        0.6472170290122865,
        0.3348840079340081,
        0.3343734847257168,
        0.31501779221298465,
        0.3401540670414215,
        0.31830110206586126,
        0.44121248839041094,
        0.5031526840204792,
        0.4764709890330421,
        0.49100159592367765,
        0.5171725313523021,
        0.4805786055565717,
        0.4821817336997005,
        0.4547308209218929,
        0.49150230054825583,
        0.5115049556366227,
        0.5187978510104665,
        0.5278651507241562,
        0.5844203035107483,
        0.49876232177240165,
        0.5000014519851559,
        0.5813837684260713,
        0.5546321830568364,
        0.5742186407846745,
        0.5143140820283276,
        0.554509351826654,
        0.5893273973052053,
        0.5483376579387897,
        0.6092639671720338,
        0.510236686030985,
        0.568864922922339,
        0.2834394498759548,
        0.2706900761750982,
        0.3113452571661718,
        0.27951135061122967,
        0.28446946372749593,
        0.40221644437907766,
        0.4027461310099828,
        0.42466795677223634,
        0.4112123149134457,
        0.4185618021104237,
        0.44730188092836665,
        0.47632990952997745,
        0.470902589689998,
        0.45679553441409737,
        0.47632990952997745
      ],
      [
        0.021769162118656538,
        0.03205119262467793,
        0.0456956578669484,
        0.046387362159478585,
        0.0,
        0.16980219663643548,
        0.16852864648507615,
        0.14471396586866603,
        0.18604010470590093,
        0.17719655989648198,
        0.23327031632508455,
        0.20040777494892692,
        0.2347594369027497,
        0.20794546682102855,
        0.1969927606438624,
        0.8848957762988371,
        0.8539430662647001,
        0.9010476768409151,
        0.8120070989834143,
        0.836453372850705,
        0.8185344752531649,
        0.7594279704686516,
        0.8231529417535208,
        0.722393363892962,
        0.7735058996228114,
        0.9035254584987383,
        0.9030115938048818,
        0.8849666785546925,
        0.9285452302801517,
        0.9327672974323257,
        0.2831187848725961,
        0.35372813162969996,
        0.2956825686207746,
        0.34064029636020676,
        0.3622353210026251,
        0.41522775549474134,
        0.45916293415303,
        0.43642116575113754,
        0.4709810478819654,
        0.4382059050601703,
        0.6559262798562773,
        0.6764819244914262,
        0.5871909693885641,
        0.6493438954166708,
        0.703933608139435,
        0.2978795066223199,
        0.2986013285169191,
        0.3062246002234098,
        0.2984426877399262,
        0.28126408063915875,
        0.41569886741395834,
        0.4774469640227368,
        0.44770822555510636,
        0.46437797615144105,
        0.504730472893804,
        0.4680656444752742,
        0.4613813506150912,
        0.44526801968442953,
        0.46991107125659015,
        0.49900760197618177,
        0.5093529288287888,
        0.5172648026971278,
        0.5745969070991306,
        0.4886860451051951,
        0.4907679648752651,
        0.5894609490890178,
        0.5640548480936352,
        0.5684790850714516,
        0.5249623812077675,
        0.5625144308253407,
        0.5923947805426393,
        0.5410275156326343,
        0.5991659113070429,
        0.5141326086810478,
        0.55950629049826,
        0.30580702748589605,
        0.30011017896574677,
        0.3326671294526876,
        0.30812905291698867,
        0.31302844836682364,
        0.448919350823362,
        0.43331838424733604,
        0.4648244476183362,
        0.4589656619004606,
        0.4474303981335257,
        0.4556447708818775,
        0.4884528237835932,
        0.48343914129421706,
        0.4878199516846229,
        0.4884528237835932
      ],
      [
        0.15866500768099256,
        0.15566625449787086,
        0.1507689507725276,
        0.16996231111439264,
        0.16980219663643548,
        0.0,
        0.021369851035749732,
        0.03555319064990825,
        0.09433607666597144,
        0.027245120030123138,
        0.13609215547429765,
        0.11984578912666743,
        0.13746821908948448,
        0.14273285391634694,
        0.14134385933666682,
        0.7769043075237183,
        0.7382804367291463,
        0.7787644097400834,
        0.6899701049344471,
        0.7181491698638254,
        0.7500244012753106,
        0.6676878173271221,
        0.7531366846230301,
        0.6637336745998177,
        0.686381022180529,
        0.8274881828455439,
        0.8122358530868514,
        0.800938839697145,
        0.8506833694656208,
        0.8449024277811924,
        0.31374761174705224,
        0.37704604651561124,
        0.30126015918851,
        0.38423979237340145,
        0.37475240521397635,
        0.42105030121502873,
        0.5061065128827014,
        0.4460301515978352,
        0.5200133640784037,
        0.4735026156822436,
        0.6398333580981903,
        0.6708178614941691,
        0.5390586457561618,
        0.6422746759510132,
        0.6799397776486511,
        0.34831167224170545,
        0.3486645423956942,
        0.3357826064434637,
        0.3831669432396022,
        0.3303504246631369,
        0.44363938185545526,
        0.5017192351054443,
        0.46845316166948847,
        0.5011535293457929,
        0.4961723493679222,
        0.4666247478304528,
        0.45893657730674353,
        0.4453235340602597,
        0.4698473937576574,
        0.4875006788348337,
        0.5688165018137947,
        0.5621794762768964,
        0.6225849259624316,
        0.5413139739601305,
        0.5410304946655853,
        0.5911287167606776,
        0.5846035496548347,
        0.5735157332305962,
        0.5732038463134963,
        0.5948454216753676,
        0.6054447478738044,
        0.6013836032115396,
        0.6166665637283176,
        0.5652975266365752,
        0.574990878017791,
        0.34832270826391554,
        0.3414594517711962,
        0.3753589721547794,
        0.34179905724624193,
        0.35508329048162024,
        0.432608079870041,
        0.4257236233362529,
        0.43448539983499945,
        0.45696185766204145,
        0.4177767766608388,
        0.5627590392841838,
        0.5574035447329306,
        0.5566300448759163,
        0.5827029461014486,
        0.5574035447329306
      ],
      [
        0.1477669063867234,
        0.14410767291518412,
        0.16967037288551112,
        0.15951833843323204,
        0.16852864648507615,
        0.021369851035749732,
        0.0,
        0.04948848932661276,
        0.07651280164603569,
        0.005341835840412368,
        0.1690571600538331,
        0.12733536672929746,
        0.16911051385560338,
        0.15480643826546747,
        0.148857333456881,
        0.7882754911130371,
        0.723338394567498,
        0.7891374753838516,
        0.6878686688822737,
        0.702637034061411,
        0.7621212870740592,
        0.6980735359852975,
        0.7699430356572471,
        0.6618644492649504,
        0.7051806258565033,
        0.8391757814410173,
        0.8265125403681314,
        0.8097985780531421,
        0.8735351488958343,
        0.8590541526725369,
        0.3370032640624131,
        0.40609745778481177,
        0.32147257298926346,
        0.4179535469018666,
        0.4038430693221182,
        0.44150343260488356,
        0.5251768602100337,
        0.462297112240709,
        0.5400793126830912,
        0.49199040701666064,
        0.6614867563421865,
        0.6938949677600763,
        0.5714262283541522,
        0.6656138275692483,
        0.7034431688800438,
        0.37397709990513395,
        0.3732533326448255,
        0.3565398747791185,
        0.4125136661011515,
        0.3561819289071171,
        0.4675500845169718,
        0.5296718921023392,
        0.49102727912186217,
        0.530789044047388,
        0.5240567745117383,
        0.4919742800141319,
        0.4870064438649714,
        0.4678037439322156,
        0.4980699933360673,
        0.5163721861033126,
        0.5805289234874615,
        0.575296720775321,
        0.6354353510647232,
        0.5532296945199207,
        0.5525878175441457,
        0.6161592279219877,
        0.6108353363821206,
        0.6043311425778064,
        0.576430100945725,
        0.6217914436739058,
        0.6349198520929598,
        0.6130547171024323,
        0.653056774479057,
        0.5734757299717419,
        0.6124340833021683,
        0.3465053091455442,
        0.33321246980352626,
        0.3749069616747662,
        0.34324822618815165,
        0.34797000957292246,
        0.4214200518773178,
        0.4211887482760177,
        0.42466979666507276,
        0.44997712933596146,
        0.41311547065024823,
        0.5313666668323531,
        0.5255005383907061,
        0.5247918445634587,
        0.5507399560111569,
        0.5255005383907061
      ],
      [
        0.13377482261717977,
        0.13491104110344476,
        0.13319526182553376,
        0.15110340795112576,
        0.14471396586866603,
        0.03555319064990825,
        0.04948848932661276,
        0.0,
        0.12071335329901167,
        0.05493498461501356,
        0.1636020288506873,
        0.13110111838789462,
        0.16594289967626108,
        0.1476020886395346,
        0.1471150355719295,
        0.7579824196841638,
        0.7263963531846609,
        0.7566790199089157,
        0.6844186442927359,
        0.7072645994521136,
        0.7274270939128257,
        0.6628337566233815,
        0.7345672849429479,
        0.6529752770408785,
        0.6762813847396523,
        0.7954650305173103,
        0.803602056420669,
        0.7739075155735369,
        0.8352429392206622,
        0.8349920189809165,
        0.26146571088043535,
        0.3185683403459457,
        0.2478732341360924,
        0.31900996339700094,
        0.31471038868244505,
        0.366847766175307,
        0.4349457635934604,
        0.3886791726454861,
        0.4465036712805023,
        0.4144436148855394,
        0.5942383871714132,
        0.6121311429328609,
        0.5010708578708902,
        0.584360105864087,
        0.6325334618902867,
        0.3189860498355649,
        0.32026648064631236,
        0.3089601080285055,
        0.3436143249538871,
        0.29671349564745075,
        0.40558145125089395,
        0.4751556159617688,
        0.43434222656164756,
        0.4725712475404117,
        0.47756196979348087,
        0.4439060039456898,
        0.44618078704996644,
        0.41761974037766536,
        0.45571874700868076,
        0.48164031127427975,
        0.5749813494004513,
        0.5447082169155517,
        0.6177234549498851,
        0.527632013086255,
        0.5232968826441748,
        0.5546857312155642,
        0.5478479791839987,
        0.5352252808322697,
        0.5378104596443811,
        0.5600670694428396,
        0.5629931183815116,
        0.5626626268370769,
        0.5796647284605689,
        0.5230634690218796,
        0.5365523451714076,
        0.3017849951980134,
        0.29502209547713165,
        0.3307976184512348,
        0.29468291408358904,
        0.3054948451433751,
        0.3925797024560168,
        0.3922160532214952,
        0.39845888411749586,
        0.4223259649022638,
        0.38937307547701594,
        0.5135803889586619,
        0.5156437656263797,
        0.5138662504333931,
        0.5284635745281692,
        0.5156437656263797
      ],
      [
        0.15952330868271947,
        0.15932476783870642,
        0.19740813660410195,
        0.1468606182706922,
        0.18604010470590093,
        0.09433607666597144,
        0.07651280164603569,
        0.12071335329901167,
        0.0,
        0.0756420644106357,
        0.17526276477568115,
        0.14550567024845684,
        0.16708578428567866,
        0.18932942530052443,
        0.15818329048972146,
        0.9088192800732299,
        0.8451055571184583,
        0.9128160892359716,
        0.8238425191981158,
        0.8266296700038943,
        0.8786024135858701,
        0.8165631135091926,
        0.8885253432090833,
        0.7889262390012803,
        0.8228164481738088,
        0.952993617304179,
        0.9423321363612357,
        0.907911173264193,
        0.9766031579757816,
        0.9743446738441214,
        0.3908555982248859,
        0.4908249417566881,
        0.38696163169678743,
        0.4820279790034996,
        0.48204998229438967,
        0.5039029498251143,
        0.5850431827135416,
        0.49813978615438204,
        0.6056467777016838,
        0.5539136265449319,
        0.7050173550482957,
        0.7517495588625246,
        0.6183086387078442,
        0.7207529848237807,
        0.7581361150678857,
        0.41242487097397384,
        0.4077343646429632,
        0.3936212224704312,
        0.4369643975839719,
        0.39814454902718777,
        0.5188768274722195,
        0.5765397543014477,
        0.5297103865613275,
        0.5708671378681995,
        0.5773927165039825,
        0.5359798920495629,
        0.5453717946426171,
        0.51257850362068,
        0.5566057339671218,
        0.5729988367936684,
        0.6120940053458042,
        0.6014808957442863,
        0.6677339400352381,
        0.5797395999088928,
        0.5816167481711296,
        0.6614672299013262,
        0.6371281396917678,
        0.6552943337351762,
        0.616863917609764,
        0.650623637685858,
        0.685088118779932,
        0.6479104512136573,
        0.7112276517859399,
        0.6191675783417925,
        0.6694791705237007,
        0.38899828275688586,
        0.37890958571766964,
        0.41141338881603473,
        0.3920219073231952,
        0.3904612245457446,
        0.4853216903063158,
        0.49169940255092004,
        0.4915620568314695,
        0.5154434725035391,
        0.48239143344813074,
        0.5469102162091781,
        0.5438123489926763,
        0.5429289566688938,
        0.556661637359664,
        0.5438123489926763
      ],
      [
        0.15633419069435306,
        0.15226120957828415,
        0.17731648665381217,
        0.1681138843465657,
        0.17719655989648198,
        0.027245120030123138,
        0.005341835840412368,
        0.05493498461501356,
        0.0756420644106357,
        0.0,
        0.17791026289249512,
        0.13423715387986535,
        0.17747573010290085,
        0.15652044899838946,
        0.14766798420470129,
        0.8069068479146335,
        0.7408258238901655,
        0.8081480638381038,
        0.7050899886738469,
        0.7203025294881942,
        0.7806121820873279,
        0.715291361244296,
        0.7877911728309975,
        0.6791259238988989,
        0.7234738661851943,
        0.8600457749802668,
        0.8472167516849597,
        0.829475887074705,
        0.8949637600622957,
        0.8803656684932569,
        0.33937859881021326,
        0.4115298103240226,
        0.32345371169031667,
        0.4258279506669427,
        0.408920199255991,
        0.4467437579895547,
        0.5177273533578934,
        0.4676098444696126,
        0.5335390647932412,
        0.500201152598919,
        0.6733661818797698,
        0.7083078459755936,
        0.5802228404290705,
        0.6796245083525403,
        0.7175712967399762,
        0.37639949698386,
        0.3750879127061746,
        0.35789947535645394,
        0.41755625737859103,
        0.3586536798740362,
        0.45648664598114796,
        0.5201373530704048,
        0.48172957894644974,
        0.5217861726348714,
        0.5143600784778064,
        0.48202386581237333,
        0.4769111572519924,
        0.45939049906826923,
        0.48811314985524334,
        0.5066674855171183,
        0.5942654904839988,
        0.5879656262506732,
        0.649039644308722,
        0.5659440194834172,
        0.5652139578559694,
        0.6305583578365971,
        0.6251119758476795,
        0.6184628906035248,
        0.5909403720465543,
        0.6374094998015392,
        0.6377771385413091,
        0.6165780220370429,
        0.6569879671475048,
        0.5783458564881471,
        0.6159079084746686,
        0.350431320435877,
        0.33763264393339276,
        0.37870821608955574,
        0.34844001076005415,
        0.35241207495651994,
        0.42713962081794643,
        0.42776262377864294,
        0.4303709108470234,
        0.4588193294435322,
        0.418965917932937,
        0.5397054856201262,
        0.5336508957114919,
        0.5329632304823768,
        0.5612061702151531,
        0.5336508957114919
      ],
      [
        0.20649192477898803,
        0.22897653178679445,
        0.21320312753248316,
        0.22131317230502257,
        0.23327031632508455,
        0.13609215547429765,
        0.1690571600538331,
        0.1636020288506873,
        0.17526276477568115,
        0.17791026289249512,
        0.0,
        0.04638431395441234,
        0.012106743957333133,
        0.08490438439829129,
        0.0395065769497186,
        0.8549017473078275,
        0.8375193346958246,
        0.8551058666110424,
        0.7910256432821992,
        0.8217404901265832,
        0.8003628710040771,
        0.7281208867997204,
        0.8204497951482997,
        0.7337984880364793,
        0.7592257549614253,
        0.8150378007273302,
        0.8036407589137649,
        0.7903703544467757,
        0.8684361448970596,
        0.8334709516376169,
        0.4167527704269619,
        0.49041109627151647,
        0.42112748945053835,
        0.47739735758405233,
        0.4804073663447621,
        0.4819771762504318,
        0.559471856310767,
        0.4428371670887632,
        0.5761946874269581,
        0.5262250141144336,
        0.5910335245786735,
        0.6133199694671008,
        0.49749416615308784,
        0.5841899806671438,
        0.6327421185514688,
        0.49050045355380834,
        0.48795692147182923,
        0.4763465151135562,
        0.4950108020401467,
        0.4622258856891661,
        0.5633739896680943,
        0.6172007875820981,
        0.573565165365542,
        0.6123256310386149,
        0.6300227373772544,
        0.6195596466511382,
        0.5948677783620111,
        0.5746105035080223,
        0.6057080051576091,
        0.6255234240725145,
        0.6819517205802097,
        0.6618630724851389,
        0.7249422313719651,
        0.6474767707518675,
        0.6496891796721745,
        0.6821640115838041,
        0.6607782343253259,
        0.6450664796647742,
        0.6655716248339032,
        0.6747776155715044,
        0.677928906029899,
        0.655439543437444,
        0.688518173612046,
        0.6524727381864566,
        0.6485039183663914,
        0.45494146342310315,
        0.43820777293152535,
        0.4896354030763477,
        0.43900522986178203,
        0.464895737823642,
        0.5277380462747414,
        0.5239257095132936,
        0.5343007410563869,
        0.5255091990821044,
        0.5164634357127826,
        0.6183799523691105,
        0.6220137199331002,
        0.6211086289969994,
        0.6335215876716644,
        0.6220137199331002
      ],
      [
        0.17071211630240024,
        0.1712037133923765,
        0.1966022904353283,
        0.1650941817507211,
        0.20040777494892692,
        0.11984578912666743,
        0.12733536672929746,
        0.13110111838789462,
        0.14550567024845684,
        0.13423715387986535,
        0.04638431395441234,
        0.0,
        0.03923244774914503,
        0.059125428044096595,
        0.018078767573006194,
        0.7982884509268393,
        0.7573464389647682,
        0.805412708886326,
        0.7087858077353535,
        0.7406087972037483,
        0.7603674247114234,
        0.6843229939345845,
        0.7651686962806443,
        0.6717490603727343,
        0.7235874309467789,
        0.7709508742984668,
        0.7562693729336599,
        0.7318549951362349,
        0.8245404803656025,
        0.785434854017103,
        0.3788808300751424,
        0.4517571869859123,
        0.36400879009672615,
        0.4444101208531902,
        0.4442452934106328,
        0.4481600818672071,
        0.5394913275837865,
        0.41956769161012053,
        0.5585810219048059,
        0.5034134653267206,
        0.549884148159804,
        0.5759811259275112,
        0.471989677308278,
        0.5444566148562138,
        0.5966188790381182,
        0.469624664520338,
        0.4662764508297992,
        0.4378563337386897,
        0.4784758020420936,
        0.44159048518445976,
        0.5394198557936971,
        0.5816063448883841,
        0.5579960858775057,
        0.5773154076336678,
        0.5860730818046811,
        0.5699804380957656,
        0.5509379265497074,
        0.5077409988280508,
        0.5609735297266281,
        0.5824842976031788,
        0.6585333522756159,
        0.6280991330792374,
        0.7043331374958495,
        0.6132045918067626,
        0.6185447468431066,
        0.641427961229583,
        0.6227425133687463,
        0.6107271396121585,
        0.6116101325053318,
        0.636757592609347,
        0.6513483629631183,
        0.6138873050102144,
        0.6666046386336721,
        0.6003890367178719,
        0.6248624111647461,
        0.36227097983900314,
        0.34188958471116604,
        0.39773874128027087,
        0.3608174052006974,
        0.3694019198459222,
        0.43283114536810585,
        0.42697943572153274,
        0.4445026241636689,
        0.4368238484823167,
        0.42317252276733286,
        0.5328981213280863,
        0.5369231764932072,
        0.5351178034429245,
        0.5596954907923892,
        0.5369231764932072
      ],
      [
        0.2084184098922689,
        0.22987585088118445,
        0.2236203849972327,
        0.22273459637493154,
        0.2347594369027497,
        0.13746821908948448,
        0.16911051385560338,
        0.16594289967626108,
        0.16708578428567866,
        0.17747573010290085,
        0.012106743957333133,
        0.03923244774914503,
        0.0,
        0.08908932198506792,
        0.04113176923532602,
        0.8422572069812123,
        0.8230672481891586,
        0.8435701640960374,
        0.7769135218360795,
        0.8073124835596518,
        0.7795727344165526,
        0.7078941360985128,
        0.8014160203209493,
        0.7202192748040046,
        0.7468096798453547,
        0.8064991519090217,
        0.793420566846219,
        0.7733126677745291,
        0.8550068886108216,
        0.8223912191437286,
        0.39337062026986347,
        0.46667556502285135,
        0.400258953595244,
        0.45817561340359736,
        0.4626409763891054,
        0.4791394763660587,
        0.5522174718027646,
        0.44559438010114094,
        0.5686330789756913,
        0.5168766804369395,
        0.581684727388123,
        0.6063528971584086,
        0.4986103832476433,
        0.5773894280345493,
        0.6231020269424252,
        0.48612139622222283,
        0.48412718522227516,
        0.4746747063594724,
        0.4805468984785126,
        0.45827679937663013,
        0.5650218140602147,
        0.6228300524178392,
        0.5745945502825889,
        0.6097759359844446,
        0.63491310053819,
        0.6170246177438149,
        0.6023906148916258,
        0.577588032330417,
        0.6131005809766934,
        0.6298961914196708,
        0.6970432108101341,
        0.6665188703555078,
        0.7375824406972236,
        0.6536612395517447,
        0.6570387231089234,
        0.6823730038932605,
        0.6628552060066397,
        0.6487301309032192,
        0.6685565307138976,
        0.6769899688714349,
        0.6921146297228397,
        0.6717916167129565,
        0.7019059600716122,
        0.6561984876262685,
        0.6636665192270834,
        0.45314657435106465,
        0.43489640912557437,
        0.4867081369077446,
        0.44814166791849397,
        0.46116941140844536,
        0.5137290889049956,
        0.5090545887872566,
        0.5217635807826942,
        0.5230539908276481,
        0.5036680575250068,
        0.6083894646109942,
        0.6124210498907524,
        0.612889303083876,
        0.6352154202526425,
        0.6124210498907524
      ],
      [
        0.19751715450657548,
        0.20175911762042387,
        0.2067020247566429,
        0.19245535865612717,
        0.20794546682102855,
        0.14273285391634694,
        0.15480643826546747,
        0.1476020886395346,
        0.18932942530052443,
        0.15652044899838946,
        0.08490438439829129,
        0.059125428044096595,
