{
  "metric": "1 - Spearman rho on 56 off-diagonal cells",
  "meta_rdm": {
    "labels": [
      [
        "hospital_incident",
        "linear",
        0
      ],
      [
        "hospital_incident",
        "linear",
        1
      ],
      [
        "hospital_incident",
        "linear",
        2
      ],
      [
        "hospital_incident",
        "linear",
        3
      ],
      [
        "hospital_incident",
        "linear",
        4
      ],
      [
        "hospital_incident",
        "nonlinear",
        0
      ],
      [
        "hospital_incident",
        "nonlinear",
        1
      ],
      [
        "hospital_incident",
        "nonlinear",
        2
      ],
      [
        "hospital_incident",
        "nonlinear",
        3
      ],
      [
        "hospital_incident",
        "nonlinear",
        4
      ],
      [
        "hospital_incident",
        "atemporal",
        0
      ],
      [
        "hospital_incident",
        "atemporal",
        1
      ],
      [
        "hospital_incident",
        "atemporal",
        2
      ],
      [
        "hospital_incident",
        "atemporal",
        3
      ],
      [
        "hospital_incident",
        "atemporal",
        4
      ]
    ],
    "matrix": [
      [
        0.0,
        0.040015828494772365,
        0.02715202309188014,
        0.002855431626645033,
        0.023654383337424978,
        0.09670335099097827,
        0.09071917468702095,
        0.11877907445979419,
        0.08377615327816246,
        0.0997154674101739,
        0.15997521651383118,
        0.13922973357955537,
        0.15066599574732253,
        0.13637978060112121,
        0.13069196626357182
      ],
      [
        0.040015828494772365,
        0.0,
        0.02748859934093162,
        0.041146750948616306,
        0.017487907578194295,
        0.1701795622123029,
        0.14803959557857715,
        0.20877477884628948,
        0.14507959750289945,
        0.17380560208782803,
        0.20514479176364697,
        0.17400707744132216,
        0.1876441006792784,
        0.19467980130216722,
        0.16566391993257945
      ],
      [
        0.02715202309188014,
        0.02748859934093162,
        0.0,
        0.024785990806472702,
        0.024677687347832045,
        0.13782302601618945,
        0.12253859561163616,
        0.16549817496164643,
        0.11710204255122203,
        0.1405670776429091,
        0.17153401422485193,
        0.14954409995561513,
        0.1540338562089344,
        0.15848854383401967,
        0.14200392562068043
      ],
      [
        0.002855431626645033,
        0.041146750948616306,
        0.024785990806472702,
        0.0,
        0.024249069605618345,
        0.10074560053316395,
        0.09132482822597532,
        0.1222201995273614,
        0.088997669610279,
        0.10470620496206717,
        0.15846811630073332,
        0.13551899406442913,
        0.14501261674019428,
        0.13266592627342233,
        0.12826919362651945
      ],
      [
        0.023654383337424978,
        0.017487907578194295,
        0.024677687347832045,
        0.024249069605618345,
        0.0,
        0.1361582792508127,
        0.13380563552157332,
        0.17913902838705142,
        0.12665392255375785,
        0.15515829625068545,
        0.22038385153963758,
        0.1895546769259241,
        0.2050149315719253,
        0.18650068699189315,
        0.18140967050235435
      ],
      [
        0.09670335099097827,
        0.1701795622123029,
        0.13782302601618945,
        0.10074560053316395,
        0.1361582792508127,
        0.0,
        0.03617904891266899,
        0.04112538919301445,
        0.0287715191349861,
        0.03913203172329349,
        0.17391941628590724,
        0.15552808986265743,
        0.1782447213231143,
        0.13206082840686473,
        0.1684787467322839
      ],
      [
        0.09071917468702095,
        0.14803959557857715,
        0.12253859561163616,
        0.09132482822597532,
        0.13380563552157332,
        0.03617904891266899,
        0.0,
        0.043073924860717594,
        0.0248591148372298,
        0.015196945844233034,
        0.1273926759254278,
        0.11513064788726857,
        0.14213175142804013,
        0.1043953095257899,
        0.12381983822845766
      ],
      [
        0.11877907445979419,
        0.20877477884628948,
        0.16549817496164643,
        0.1222201995273614,
        0.17913902838705142,
        0.04112538919301445,
        0.043073924860717594,
        0.0,
        0.043246421933539336,
        0.03976271935708198,
        0.16216182760181141,
        0.15413812948957972,
        0.165444463622753,
        0.13594307285377716,
        0.15542173915687685
      ],
      [
        0.08377615327816246,
        0.14507959750289945,
        0.11710204255122203,
        0.088997669610279,
        0.12665392255375785,
        0.0287715191349861,
        0.0248591148372298,
        0.043246421933539336,
        0.0,
        0.016054608376345092,
        0.1272874971123621,
        0.11135715263837875,
        0.1376155839170905,
        0.1011593510776373,
        0.12336476759846293
      ],
      [
        0.0997154674101739,
        0.17380560208782803,
        0.1405670776429091,
        0.10470620496206717,
        0.15515829625068545,
        0.03913203172329349,
        0.015196945844233034,
        0.03976271935708198,
        0.016054608376345092,
        0.0,
        0.11250444946978178,
        0.0993821378087969,
        0.12921882973558108,
        0.08614848279050813,
        0.11049880194317974
      ],
      [
        0.15997521651383118,
        0.20514479176364697,
        0.17153401422485193,
        0.15846811630073332,
        0.22038385153963758,
        0.17391941628590724,
        0.1273926759254278,
        0.16216182760181141,
        0.1272874971123621,
        0.11250444946978178,
        0.0,
        0.02383827738078892,
        0.04227977224069679,
        0.03286743178207452,
        0.02897690903674044
      ],
      [
        0.13922973357955537,
        0.17400707744132216,
        0.14954409995561513,
        0.13551899406442913,
        0.1895546769259241,
        0.15552808986265743,
        0.11513064788726857,
        0.15413812948957972,
        0.11135715263837875,
        0.0993821378087969,
        0.02383827738078892,
        0.0,
        0.028920887341078116,
        0.041232829803329984,
        0.011284253177995307
      ],
      [
        0.15066599574732253,
        0.1876441006792784,
        0.1540338562089344,
        0.14501261674019428,
        0.2050149315719253,
        0.1782447213231143,
        0.14213175142804013,
        0.165444463622753,
        0.1376155839170905,
        0.12921882973558108,
        0.04227977224069679,
        0.028920887341078116,
        0.0,
        0.0653681395029555,
        0.025187922636657922
      ],
      [
        0.13637978060112121,
        0.19467980130216722,
        0.15848854383401967,
        0.13266592627342233,
        0.18650068699189315,
        0.13206082840686473,
        0.1043953095257899,
        0.13594307285377716,
        0.1011593510776373,
        0.08614848279050813,
        0.03286743178207452,
        0.041232829803329984,
        0.0653681395029555,
        0.0,
        0.041932516641445816
      ],
      [
        0.13069196626357182,
        0.16566391993257945,
        0.14200392562068043,
        0.12826919362651945,
        0.18140967050235435,
        0.1684787467322839,
        0.12381983822845766,
        0.15542173915687685,
        0.12336476759846293,
        0.11049880194317974,
        0.02897690903674044,
        0.011284253177995307,
        0.025187922636657922,
        0.041932516641445816,
        0.0
      ]
    ]
  },
  "inter_story_rdms": {
    "atemporal": {
      "story_ids": [
        "hospital_incident"
      ],
      "matrix": [
        [
          0.0
        ]
      ]
    },
    "linear": {
      "story_ids": [
        "hospital_incident"
      ],
      "matrix": [
        [
          0.0
        ]
      ]
    },
    "nonlinear": {
      "story_ids": [
        "hospital_incident"
      ],
      "matrix": [
        [
          0.0
        ]
      ]
    }
  },
  "inter_condition_rdms": {
    "hospital_incident": {
      "conditions": [
        "atemporal",
        "linear",
        "nonlinear"
      ],
      "matrix": [
        [
          0.0,
          0.13035628351224748,
          0.1127332851105628
        ],
        [
          0.13035628351224748,
          0.0,
          0.10735480486650639
        ],
        [
          0.1127332851105628,
          0.10735480486650639,
          0.0
        ]
      ]
    }
  },
  "reliability": {
    "hospital_incident__atemporal": 0.03418889395437633,
    "hospital_incident__linear": 0.02535136721783878,
    "hospital_incident__nonlinear": 0.03274017241731099
  }
}