{
  "metric": "1 - Spearman rho on 56 off-diagonal cells",
  "meta_rdm": {
    "labels": [
      [
        "hospital_incident",
        "linear",
        0
      ],
      [
        "hospital_incident",
        "linear",
        1
      ],
      [
        "hospital_incident",
        "linear",
        2
      ],
      [
        "hospital_incident",
        "linear",
        3
      ],
      [
        "hospital_incident",
        "linear",
        4
      ],
      [
        "hospital_incident",
        "nonlinear",
        0
      ],
      [
        "hospital_incident",
        "nonlinear",
        1
      ],
      [
        "hospital_incident",
        "nonlinear",
        2
      ],
      [
        "hospital_incident",
        "nonlinear",
        3
      ],
      [
        "hospital_incident",
        "nonlinear",
        4
      ],
      [
        "hospital_incident",
        "atemporal",
        0
      ],
      [
        "hospital_incident",
        "atemporal",
        1
      ],
      [
        "hospital_incident",
        "atemporal",
        2
      ],
      [
        "hospital_incident",
        "atemporal",
        3
      ],
      [
        "hospital_incident",
        "atemporal",
        4
      ]
    ],
    "matrix": [
      [
        0.0,
        0.02218358950610444,
        0.058276516910061193,
        0.008651673192943132,
        0.003236768420208924,
        0.13105654516408083,
        0.13435115528768216,
        0.1476101288734285,
        0.16455218872691213,
        0.15403367938956636,
        0.22197894781147454,
        0.2002806354021356,
        0.22857458489426585,
        0.2244238262050493,
        0.2244238262050493
      ],
      [
        0.02218358950610444,
        0.0,
        0.03696719823965977,
        0.013373303395866176,
        0.01961056357584945,
        0.12485287030949732,
        0.12170677751560743,
        0.12799795087481258,
        0.1465898082665853,
        0.1418007733575397,
        0.24159850929311177,
        0.21775435439069435,
        0.21384868139907665,
        0.2454696517383178,
        0.2454696517383178
      ],
      [
        0.058276516910061193,
        0.03696719823965977,
        0.0,
        0.04918864912853238,
        0.05559818985141851,
        0.11409984740251178,
        0.08451271937413429,
        0.08849452061502094,
        0.13064703340943118,
        0.12792987982300053,
        0.267042333398965,
        0.24640091848033585,
        0.18982171005683224,
        0.271339474131987,
        0.271339474131987
      ],
      [
        0.008651673192943132,
        0.013373303395866176,
        0.04918864912853238,
        0.0,
        0.006136248394966737,
        0.13523799235701328,
        0.13242112679827867,
        0.13959597183350725,
        0.16081131763912915,
        0.153909179752445,
        0.23352684053457218,
        0.2077564366029847,
        0.2327902835244059,
        0.23718246825141387,
        0.23718246825141387
      ],
      [
        0.003236768420208924,
        0.01961056357584945,
        0.05559818985141851,
        0.006136248394966737,
        0.0,
        0.13539654912001864,
        0.13978956809898135,
        0.14525618349913583,
        0.16361191107322526,
        0.1593547543130961,
        0.22609757953450238,
        0.20305416941366183,
        0.23025469643824803,
        0.2289438453289815,
        0.2289438453289815
      ],
      [
        0.13105654516408083,
        0.12485287030949732,
        0.11409984740251178,
        0.13523799235701328,
        0.13539654912001864,
        0.0,
        0.04121456431003434,
        0.06552661824051031,
        0.027276772637572,
        0.016856266247655793,
        0.23306056363630712,
        0.21668970685645617,
        0.17890122077093973,
        0.23516870455907402,
        0.23516870455907402
      ],
      [
        0.13435115528768216,
        0.12170677751560743,
        0.08451271937413429,
        0.13242112679827867,
        0.13978956809898135,
        0.04121456431003434,
        0.0,
        0.02665658404853599,
        0.04739054973261092,
        0.05038879788550432,
        0.28757208458637995,
        0.26954401510420634,
        0.2215626943498037,
        0.29147582632391433,
        0.29147582632391433
      ],
      [
        0.1476101288734285,
        0.12799795087481258,
        0.08849452061502094,
        0.13959597183350725,
        0.14525618349913583,
        0.06552661824051031,
        0.02665658404853599,
        0.0,
        0.06584497342836104,
        0.07578472278447856,
        0.30361103363394004,
        0.2849158423937722,
        0.23094612886310883,
        0.30878157258202843,
        0.30878157258202843
      ],
      [
        0.16455218872691213,
        0.1465898082665853,
        0.13064703340943118,
        0.16081131763912915,
        0.16361191107322526,
        0.027276772637572,
        0.04739054973261092,
        0.06584497342836104,
        0.0,
        0.01085589341760329,
        0.24801755772269662,
        0.25727919830572976,
        0.20491351182619522,
        0.25180227523765575,
        0.25180227523765575
      ],
      [
        0.15403367938956636,
        0.1418007733575397,
        0.12792987982300053,
        0.153909179752445,
        0.1593547543130961,
        0.016856266247655793,
        0.05038879788550432,
        0.07578472278447856,
        0.01085589341760329,
        0.0,
        0.2353953764519202,
        0.24597870785665332,
        0.20208397775635345,
        0.23783645058324687,
        0.23783645058324687
      ],
      [
        0.22197894781147454,
        0.24159850929311177,
        0.267042333398965,
        0.23352684053457218,
        0.22609757953450238,
        0.23306056363630712,
        0.28757208458637995,
        0.30361103363394004,
        0.24801755772269662,
        0.2353953764519202,
        0.0,
        0.03367603201242697,
        0.11505348816064287,
        0.0018315925675106426,
        0.0018315925675106426
      ],
      [
        0.2002806354021356,
        0.21775435439069435,
        0.24640091848033585,
        0.2077564366029847,
        0.20305416941366183,
        0.21668970685645617,
        0.26954401510420634,
        0.2849158423937722,
        0.25727919830572976,
        0.24597870785665332,
        0.03367603201242697,
        0.0,
        0.08440581445862538,
        0.031856934313911456,
        0.031856934313911456
      ],
      [
        0.22857458489426585,
        0.21384868139907665,
        0.18982171005683224,
        0.2327902835244059,
        0.23025469643824803,
        0.17890122077093973,
        0.2215626943498037,
        0.23094612886310883,
        0.20491351182619522,
        0.20208397775635345,
        0.11505348816064287,
        0.08440581445862538,
        0.0,
        0.11330684628793708,
        0.11330684628793708
      ],
      [
        0.2244238262050493,
        0.2454696517383178,
        0.271339474131987,
        0.23718246825141387,
        0.2289438453289815,
        0.23516870455907402,
        0.29147582632391433,
        0.30878157258202843,
        0.25180227523765575,
        0.23783645058324687,
        0.0018315925675106426,
        0.031856934313911456,
        0.11330684628793708,
        0.0,
        0.0
      ],
      [
        0.2244238262050493,
        0.2454696517383178,
        0.271339474131987,
        0.23718246825141387,
        0.2289438453289815,
        0.23516870455907402,
        0.29147582632391433,
        0.30878157258202843,
        0.25180227523765575,
        0.23783645058324687,
        0.0018315925675106426,
        0.031856934313911456,
        0.11330684628793708,
        0.0,
        0.0
      ]
    ]
  },
  "inter_story_rdms": {
    "atemporal": {
      "story_ids": [
        "hospital_incident"
      ],
      "matrix": [
        [
          0.0
        ]
      ]
    },
    "linear": {
      "story_ids": [
        "hospital_incident"
      ],
      "matrix": [
        [
          0.0
        ]
      ]
    },
    "nonlinear": {
      "story_ids": [
        "hospital_incident"
      ],
      "matrix": [
        [
          0.0
        ]
      ]
    }
  },
  "inter_condition_rdms": {
    "hospital_incident": {
      "conditions": [
        "atemporal",
        "linear",
        "nonlinear"
      ],
      "matrix": [
        [
          0.0,
          0.18279168517439803,
          0.19009189017642714
        ],
        [
          0.18279168517439803,
          0.0,
          0.09192596833520106
        ],
        [
          0.19009189017642714,
          0.09192596833520106,
          0.0
        ]
      ]
    }
  },
  "reliability": {
    "hospital_incident__atemporal": 0.052712608097041355,
    "hospital_incident__linear": 0.02732227006156107,
    "hospital_incident__nonlinear": 0.04277957427328666
  }
}